# Si calculated by Quantum ESPRESSO
# The file contains frequencies and wieght factors at the END
Number of volumes (nv), q-vectors (nq), normal mode (np), formula units(nm)
11	16	6	 1

P=	-93.46	V=	320.5259	E=	-15.72569834
0.000000	0.000000	0.000000
-0.0000
-0.0000
0.0000
433.8595
433.8595
433.8595
-0.166667	0.166667	-0.166667
72.0276
72.0276
127.0829
419.9742
419.9742
423.5538
-0.333333	0.333333	-0.333333
115.9775
115.9775
241.7221
388.2833
399.9888
399.9888
0.500000	-0.500000	0.500000
126.5286
126.5286
308.4799
347.5969
395.5171
395.5171
0.000000	0.333333	0.000000
90.6063
90.6063
137.5194
407.7258
407.7258
427.8163
-0.166667	0.500000	-0.166667
126.8306
145.3387
212.5540
380.4139
384.7846
404.4818
0.666667	-0.333333	0.666667
140.7887
167.0354
284.8795
332.5019
379.8996
389.8099
0.500000	-0.166667	0.500000
139.5732
162.3443
261.5294
343.5753
383.8984
392.5937
0.333333	0.000000	0.333333
107.3584
136.7085
180.7785
396.7914
402.9318
403.3341
0.000000	0.666667	0.000000
154.6106
154.6106
255.1811
360.2241
360.2241
398.1425
0.833333	-0.166667	0.833333
166.0452
189.4941
285.5999
337.2469
356.1079
375.7989
0.666667	0.000000	0.666667
167.6365
213.4155
276.7316
292.9081
361.1191
382.8653
0.000000	-1.000000	0.000000
169.4372
169.4372
344.0831
344.0831
351.7862
351.7862
0.666667	-0.333333	1.000000
166.8800
179.7845
246.6232
339.5778
376.2200
379.8464
0.500000	-0.166667	0.833333
178.3566
200.8115
281.9092
296.4477
365.9912
374.2121
-0.333333	-1.000000	0.000000
193.4872
193.4872
302.8844
302.8844
359.5626
359.5626

P=	-80.32	V=	311.4549	E=	-15.73098435
0.000000	0.000000	0.000000
-0.0000
-0.0000
-0.0000
446.3224
446.3224
446.3224
-0.166667	0.166667	-0.166667
72.3938
72.3938
132.4863
432.9832
432.9832
435.5518
-0.333333	0.333333	-0.333333
115.2094
115.2094
251.5866
398.7945
414.2144
414.2144
0.500000	-0.500000	0.500000
124.8725
124.8725
325.2457
352.1878
410.2937
410.2937
0.000000	0.333333	0.000000
92.0923
92.0923
142.3060
420.9723
420.9723
439.9874
-0.166667	0.500000	-0.166667
127.0511
146.9547
219.9398
393.8260
399.3446
417.2179
0.666667	-0.333333	0.666667
139.7293
168.4082
295.0261
343.3721
395.1216
404.6814
0.500000	-0.166667	0.500000
138.9002
164.0840
270.9683
354.8503
398.6967
407.4240
0.333333	0.000000	0.333333
107.3845
139.2902
187.4497
408.8090
416.6108
417.0661
0.000000	0.666667	0.000000
153.9957
153.9957
263.4761
376.2439
376.2439
409.8163
0.833333	-0.166667	0.833333
164.4406
189.6017
294.9224
351.0900
372.7377
390.1702
0.666667	0.000000	0.666667
166.5093
214.7024
286.7634
305.5859
377.1366
398.4419
0.000000	-1.000000	0.000000
167.0448
167.0448
354.5417
354.5417
369.0802
369.0802
0.666667	-0.333333	1.000000
167.2315
181.1950
254.6646
353.0789
391.9537
393.9622
0.500000	-0.166667	0.833333
178.3424
202.3500
289.8341
309.7494
381.7493
390.4631
-0.333333	-1.000000	0.000000
193.3519
193.3519
313.4769
313.4769
376.3858
376.3858

P=	-64.79	V=	302.5568	E=	-15.73530702
0.000000	0.000000	0.000000
-0.0000
-0.0000
0.0000
459.1509
459.1509
459.1509
-0.166667	0.166667	-0.166667
72.5789
72.5789
137.7956
446.3803
446.3803
447.9686
-0.333333	0.333333	-0.333333
114.0558
114.0558
261.1296
409.9702
428.8706
428.8706
0.500000	-0.500000	0.500000
122.7247
122.7247
342.4467
356.6951
425.5228
425.5228
0.000000	0.333333	0.000000
93.2883
93.2883
147.1801
434.6650
434.6650
452.5246
-0.166667	0.500000	-0.166667
126.7876
148.2447
227.2657
407.6678
414.3994
430.4742
0.666667	-0.333333	0.666667
138.1208
169.4433
304.2532
355.4229
410.8254
420.1117
0.500000	-0.166667	0.500000
137.8170
165.4327
279.9394
366.8881
413.9529
422.8440
0.333333	0.000000	0.333333
107.1578
141.5178
194.0568
421.2772
430.8072
431.2094
0.000000	0.666667	0.000000
152.7313
152.7313
271.9709
392.7946
392.7946
421.8047
0.833333	-0.166667	0.833333
162.1604
189.1235
304.4675
364.8583
389.8753
405.4141
0.666667	0.000000	0.666667
164.8565
215.4897
296.7192
318.6639
393.6502
414.6881
0.000000	-1.000000	0.000000
163.8904
163.8904
365.2625
365.2625
386.8831
386.8831
0.666667	-0.333333	1.000000
167.1121
182.0458
262.7840
366.8618
408.2702
408.6923
0.500000	-0.166667	0.833333
177.8361
203.3938
297.8913
323.3066
398.0734
407.2908
-0.333333	-1.000000	0.000000
192.6774
192.6774
324.2911
324.2911
393.7699
393.7699

P=	-46.61	V=	293.8297	E=	-15.7385469
0.000000	0.000000	0.000000
-0.0000
-0.0000
0.0000
472.3409
472.3409
472.3409
-0.166667	0.166667	-0.166667
72.6550
72.6550
143.0571
460.2016
460.2016
460.8436
-0.333333	0.333333	-0.333333
112.4995
112.4995
270.3296
421.8826
443.9946
443.9946
0.500000	-0.500000	0.500000
119.9687
119.9687
360.0933
361.0759
441.1973
441.1973
0.000000	0.333333	0.000000
94.1323
94.1323
152.1488
448.8124
448.8124
465.4376
-0.166667	0.500000	-0.166667
125.9786
149.1871
234.5494
421.9414
429.9688
444.3028
0.666667	-0.333333	0.666667
135.9117
170.1023
312.6618
368.6567
427.0484
436.1565
0.500000	-0.166667	0.500000
136.2604
166.2999
288.4573
379.7005
429.6793
438.8582
0.333333	0.000000	0.333333
106.6834
143.3597
200.5819
434.2182
445.5400
445.7913
0.000000	0.666667	0.000000
150.7328
150.7328
280.6549
409.8917
409.8917
434.1219
0.833333	-0.166667	0.833333
159.1215
188.0205
314.2383
378.6084
407.5594
421.6017
0.666667	0.000000	0.666667
162.6030
215.7005
306.6587
332.1525
410.6681
431.6532
0.000000	-1.000000	0.000000
159.7903
159.7903
376.2301
376.2301
405.1952
405.1952
0.666667	-0.333333	1.000000
166.4781
182.2920
271.0010
380.9403
424.0722
425.2020
0.500000	-0.166667	0.833333
176.7700
203.8610
306.1000
337.1762
414.9675
424.7463
-0.333333	-1.000000	0.000000
191.3657
191.3657
335.3314
335.3314
411.7237
411.7237

P=	-25.53	V=	285.2721	E=	-15.74057452
0.000000	0.000000	0.000000
-0.0000
-0.0000
0.0000
485.9404
485.9404
485.9404
-0.166667	0.166667	-0.166667
72.3947
72.3947
148.1587
474.1645
474.4399
474.4399
-0.333333	0.333333	-0.333333
110.3543
110.3543
279.0743
434.5441
459.5712
459.5712
0.500000	-0.500000	0.500000
116.5234
116.5234
365.3365
378.2070
457.3581
457.3581
0.000000	0.333333	0.000000
94.5578
94.5578
157.2075
463.4396
463.4396
478.7439
-0.166667	0.500000	-0.166667
124.4907
149.6770
241.7243
436.6210
446.0499
458.7244
0.666667	-0.333333	0.666667
132.9120
170.2463
320.3128
382.9028
443.7669
452.7751
0.500000	-0.166667	0.500000
134.1380
166.6145
296.4980
393.2895
445.8916
455.4723
0.333333	0.000000	0.333333
105.8422
144.7109
206.9767
447.6320
460.8134
460.8156
0.000000	0.666667	0.000000
147.8628
147.8628
289.5013
427.5370
427.5370
446.7863
0.833333	-0.166667	0.833333
155.1139
186.1181
324.1848
392.3518
425.7626
438.6354
0.666667	0.000000	0.666667
159.6061
215.2455
316.5835
346.0008
428.1990
449.2766
0.000000	-1.000000	0.000000
154.5963
154.5963
387.4665
387.4665
424.0470
424.0470
0.666667	-0.333333	1.000000
165.2208
181.8073
279.2554
395.3045
440.0938
442.7232
0.500000	-0.166667	0.833333
175.0339
203.6482
314.4516
351.3173
432.4273
442.7876
-0.333333	-1.000000	0.000000
189.3099
189.3099
346.6212
346.6212
430.2408
430.2408

P=	-1.21	V=	276.8823	E=	-15.7412658
0.000000	0.000000	0.000000
-0.0000
-0.0000
-0.0000
499.9419
499.9419
499.9419
-0.166667	0.166667	-0.166667
71.8218
71.8218
153.1015
487.9567
489.1120
489.1120
-0.333333	0.333333	-0.333333
107.5678
107.5678
287.3427
447.9940
475.6152
475.6152
0.500000	-0.500000	0.500000
112.2535
112.2535
369.4372
396.7951
473.9912
473.9912
0.000000	0.333333	0.000000
94.5122
94.5122
162.3147
478.5545
478.5545
492.4549
-0.166667	0.500000	-0.166667
122.2263
149.6484
248.8088
451.6892
462.6570
473.7788
0.666667	-0.333333	0.666667
129.0086
169.8258
327.3801
398.0198
460.9937
469.9869
0.500000	-0.166667	0.500000
131.3647
166.2906
304.0938
407.6277
462.5901
472.6943
0.333333	0.000000	0.333333
104.5958
145.5153
213.2376
461.5363
476.2897
476.6531
0.000000	0.666667	0.000000
143.9790
143.9790
298.5094
445.7315
445.7315
459.7934
0.833333	-0.166667	0.833333
149.9858
183.3292
334.3244
406.1301
444.4977
456.5006
0.666667	0.000000	0.666667
155.7600
214.0438
326.4783
360.2442
446.2447
467.5764
0.000000	-1.000000	0.000000
148.0671
148.0671
398.9597
398.9597
443.4327
443.4327
0.666667	-0.333333	1.000000
163.2541
180.5143
287.5774
409.9513
456.7657
460.8469
0.500000	-0.166667	0.833333
172.5384
202.6821
322.9359
365.7637
450.4488
461.4334
-0.333333	-1.000000	0.000000
186.4028
186.4028
358.1557
358.1557
449.3231
449.3231

P=	26.68	V=	268.6586	E=	-15.74048328
0.000000	0.000000	0.000000
-0.0000
-0.0000
-0.0000
514.3883
514.3883
514.3883
-0.166667	0.166667	-0.166667
71.0593
71.0593
158.0199
502.2537
504.2646
504.2646
-0.333333	0.333333	-0.333333
104.1419
104.1419
295.1714
462.2604
492.1661
492.1661
0.500000	-0.500000	0.500000
106.9818
106.9818
373.3587
415.8545
491.1260
491.1260
0.000000	0.333333	0.000000
94.0131
94.0131
167.5500
494.1856
494.1856
506.5907
-0.166667	0.500000	-0.166667
119.1510
149.0942
255.8436
467.1431
479.8166
489.5217
0.666667	-0.333333	0.666667
124.1203
168.8011
334.0152
413.9102
478.7694
487.8396
0.500000	-0.166667	0.500000
127.8729
165.2646
311.3062
422.6880
479.8008
490.5470
0.333333	0.000000	0.333333
102.9784
145.7969
219.4411
475.9479
492.2513
493.0793
0.000000	0.666667	0.000000
138.9230
138.9230
307.6608
464.4983
464.4983
473.1729
0.833333	-0.166667	0.833333
143.5730
179.5632
344.6509
420.0444
463.7994
475.1838
0.666667	0.000000	0.666667
150.9626
212.0275
336.4254
374.8643
464.8329
486.5703
0.000000	-1.000000	0.000000
139.8774
139.8774
410.7036
410.7036
463.3633
463.3633
0.666667	-0.333333	1.000000
160.5448
178.3398
295.9711
424.9180
474.1111
479.6013
0.500000	-0.166667	0.833333
169.2241
200.8826
331.5869
380.5321
469.0556
480.7135
-0.333333	-1.000000	0.000000
182.5237
182.5237
369.9489
369.9489
468.9852
468.9852

P=	58.52	V=	260.5994	E=	-15.7380736
0.000000	0.000000	0.000000
-0.0000
-0.0000
0.0000
529.2938
529.2938
529.2938
-0.166667	0.166667	-0.166667
69.8844
69.8844
162.6876
517.0937
519.9206
519.9206
-0.333333	0.333333	-0.333333
99.7911
99.7911
302.4291
477.3718
509.2430
509.2430
0.500000	-0.500000	0.500000
100.4147
100.4147
377.0567
435.4043
508.7713
508.7713
0.000000	0.333333	0.000000
92.8630
92.8630
172.8264
510.3632
510.3632
521.1797
-0.166667	0.500000	-0.166667
115.0095
147.8568
262.7751
482.9681
497.5468
505.9897
0.666667	-0.333333	0.666667
117.9096
167.0048
340.2929
430.4512
497.0995
506.3361
0.500000	-0.166667	0.500000
123.4513
163.3853
318.1375
438.4349
497.5392
509.0368
0.333333	0.000000	0.333333
100.8323
145.3531
225.4546
490.8998
508.7231
510.1211
0.000000	0.666667	0.000000
132.4225
132.4225
316.9742
483.8386
483.8386
486.9121
0.833333	-0.166667	0.833333
135.4772
174.5988
355.1611
434.1002
483.6715
494.6451
0.666667	0.000000	0.666667
144.9422
209.0460
346.3768
389.8766
483.9748
506.2502
0.000000	-1.000000	0.000000
129.5124
129.5124
422.6995
422.6995
483.8517
483.8517
0.666667	-0.333333	1.000000
156.8991
175.1176
304.4368
440.1893
492.1340
498.9787
0.500000	-0.166667	0.833333
164.8771
198.1030
340.3754
395.6228
488.2539
500.6244
-0.333333	-1.000000	0.000000
177.4703
177.4703
381.9920
381.9920
489.2344
489.2344

P=	94.69	V=	252.703	E=	-15.73387649
0.000000	0.000000	0.000000
0.0000
0.0000
0.0000
544.7164
544.7164
544.7164
-0.166667	0.166667	-0.166667
68.2220
68.2220
167.1544
532.4690
536.0775
536.0775
-0.333333	0.333333	-0.333333
94.3130
94.3130
309.1408
493.2849
526.8356
526.8356
0.500000	-0.500000	0.500000
92.2301
92.2301
380.5081
455.4715
526.9730
526.9730
0.000000	0.333333	0.000000
91.0553
91.0553
178.1776
527.1091
527.1091
536.2379
-0.166667	0.500000	-0.166667
109.6035
145.8613
269.6189
499.1466
515.8516
523.2007
0.666667	-0.333333	0.666667
110.0360
164.3063
346.2635
447.5602
515.9832
525.4796
0.500000	-0.166667	0.500000
117.9604
160.5298
324.6244
454.8379
515.8312
528.1853
0.333333	0.000000	0.333333
98.0911
144.1545
231.3097
506.3761
525.7093
527.7775
0.000000	0.666667	0.000000
124.1363
124.1363
326.4397
501.0185
503.7833
503.7833
0.833333	-0.166667	0.833333
125.2040
168.1815
365.8277
448.3223
504.1127
514.8434
0.666667	0.000000	0.666667
137.4447
204.9512
356.3374
405.2699
503.6833
526.6199
0.000000	-1.000000	0.000000
116.2038
116.2038
434.9377
434.9377
504.9410
504.9410
0.666667	-0.333333	1.000000
152.1752
170.6829
312.9556
455.7733
510.8361
518.9905
0.500000	-0.166667	0.833333
159.3376
194.1948
349.2943
411.0347
508.0518
521.1766
-0.333333	-1.000000	0.000000
171.0267
171.0267
394.2853
394.2853
510.0962
510.0962

P=	135.65	V=	244.9677	E=	-15.72772377
0.000000	0.000000	0.000000
-0.0000
-0.0000
-0.0000
560.6313
560.6313
560.6313
-0.166667	0.166667	-0.166667
66.0630
66.0630
171.4382
548.4045
552.7694
552.7694
-0.333333	0.333333	-0.333333
87.4460
87.4460
315.3130
510.0098
544.9835
544.9835
0.500000	-0.500000	0.500000
81.7624
81.7624
383.6532
476.0441
545.7160
545.7160
0.000000	0.333333	0.000000
88.4654
88.4654
183.5699
544.4296
544.4296
551.7621
-0.166667	0.500000	-0.166667
102.6204
142.9582
276.3989
515.6715
534.7525
541.1789
0.666667	-0.333333	0.666667
99.9842
160.5558
351.9859
465.2015
535.4484
545.2989
0.500000	-0.166667	0.500000
111.1115
156.5021
330.8020
471.8543
534.6772
547.9918
0.333333	0.000000	0.333333
94.6331
142.0806
237.0243
522.3958
543.2350
546.0674
0.000000	0.666667	0.000000
113.4552
113.4552
336.0534
515.4753
524.3307
524.3307
0.833333	-0.166667	0.833333
111.9509
159.9880
376.6647
462.7546
525.1526
535.7774
0.666667	0.000000	0.666667
128.0632
199.5424
366.3161
421.0510
523.9679
547.6839
0.000000	-1.000000	0.000000
98.4023
98.4023
447.4005
447.4005
526.6195
526.6195
0.666667	-0.333333	1.000000
146.1464
164.7901
321.5524
471.6793
530.2199
539.6443
0.500000	-0.166667	0.833333
152.3374
188.9551
358.3381
426.7812
528.4562
542.3805
-0.333333	-1.000000	0.000000
162.8490
162.8490
406.8229
406.8229
531.5650
531.5650

P=	181.94	V=	237.392	E=	-15.71945542
0.000000	0.000000	0.000000
-0.0000
-0.0000
-0.0000
577.1921
577.1921
577.1921
-0.166667	0.166667	-0.166667
63.5806
63.5806
175.6510
565.0277
570.1344
570.1344
-0.333333	0.333333	-0.333333
78.9653
78.9653
321.0204
527.6425
563.8112
563.8112
0.500000	-0.500000	0.500000
67.9703
67.9703
386.5425
497.2248
565.1291
565.1291
0.000000	0.333333	0.000000
85.0836
85.0836
189.1645
562.4616
562.4616
567.8861
-0.166667	0.500000	-0.166667
93.7736
139.1685
283.1936
532.6649
554.3787
560.0500
0.666667	-0.333333	0.666667
87.0753
155.6970
357.5839
483.4500
555.6255
565.9039
0.500000	-0.166667	0.500000
102.6798
151.2036
336.7433
489.5708
554.2067
568.5648
0.333333	0.000000	0.333333
90.5687
139.1620
242.6430
539.0732
561.4300
565.1174
0.000000	0.666667	0.000000
99.6568
99.6568
345.8878
530.4060
545.6089
545.6089
0.833333	-0.166667	0.833333
94.5167
149.7635
387.7477
477.5296
546.9174
557.5320
0.666667	0.000000	0.666667
116.3572
192.7571
376.4045
437.3149
544.9667
569.5244
0.000000	-1.000000	0.000000
72.7701
72.7701
460.1644
460.1644
549.0003
549.0003
0.666667	-0.333333	1.000000
138.6841
157.3359
330.2720
488.0348
550.4052
561.0506
0.500000	-0.166667	0.833333
143.7144
182.3071
367.5962
442.9692
549.5926
564.3313
-0.333333	-1.000000	0.000000
152.6800
152.6800
419.6977
419.6977
553.7535
553.7535

weight
0.0000000	0.0000000	0.0000000	0.0092593
0.0000000	0.0000000	0.1666667	0.0740741
0.0000000	0.0000000	0.3333333	0.0740741
0.0000000	0.0000000	-0.5000000	0.0370370
0.0000000	0.1666667	0.1666667	0.0555556
0.0000000	0.1666667	0.3333333	0.2222222
0.0000000	0.1666667	-0.5000000	0.2222222
0.0000000	0.1666667	-0.3333333	0.2222222
0.0000000	0.1666667	-0.1666667	0.1111111
0.0000000	0.3333333	0.3333333	0.0555556
0.0000000	0.3333333	-0.5000000	0.2222222
0.0000000	0.3333333	-0.3333333	0.1111111
0.0000000	-0.5000000	-0.5000000	0.0277778
0.1666667	0.3333333	-0.5000000	0.2222222
0.1666667	0.3333333	-0.3333333	0.2222222
0.1666667	-0.5000000	-0.3333333	0.1111111
