   0.0000000   0.0000000   0.0000000   0.0092593   
  -0.1666667   0.1666667  -0.1666667   0.0740741   
  -0.3333333   0.3333333  -0.3333333   0.0740741   
   0.5000000  -0.5000000   0.5000000   0.0370370   
   0.0000000   0.3333333   0.0000000   0.0555556   
  -0.1666667   0.5000000  -0.1666667   0.2222222   
   0.6666667  -0.3333333   0.6666667   0.2222222   
   0.5000000  -0.1666667   0.5000000   0.2222222   
   0.3333333   0.0000000   0.3333333   0.1111111   
   0.0000000   0.6666667   0.0000000   0.0555556   
   0.8333333  -0.1666667   0.8333333   0.2222222   
   0.6666667  -0.0000000   0.6666667   0.1111111   
   0.0000000  -1.0000000   0.0000000   0.0277778   
   0.6666667  -0.3333333   1.0000000   0.2222222   
   0.5000000  -0.1666667   0.8333333   0.2222222   
  -0.3333333  -1.0000000   0.0000000   0.1111111
