 1   6 ( 0 0 2)+( 0 0 2) P=( 0 0 4) 1*1
 2  96 ( 0 0 2)+( 0 0 1) P=( 0 0 3) 1*2
 3  96 ( 0 0 2)+( 0-1 1) P=( 0-1 3) 1*3
 4  96 ( 0 0 2)+( 0 0 0) P=( 0 0 2) 1*4
 5 384 ( 0 0 2)+( 1 0 0) P=( 1 0 2) 1*2
 6  96 ( 0 0 2)+( 1 1 0) P=( 3 1 0) 1*3
 7  48 ( 0 0 2)+( 0 0 0) P=( 0 0 2) 1*4
 8  24 ( 0 0 2)+( 0 2 0) P=( 0 2 2) 1*1
 9  96 ( 0 0 2)+( 0 0-1) P=( 0 0 1) 1*2
10  96 ( 0 0 2)+( 0 1-1) P=( 0 1 1) 1*3
11   6 ( 0 0 2)+( 0 0-2) P=( 0 0 0) 1*1
12  96 ( 0 0 1)+( 0 0 1) P=( 0 0 2) 2*2
13 384 ( 0 0 1)+( 0-1 1) P=( 0-1 2) 2*3
14 384 ( 0 0 1)+(-1 0 1) P=(-1 0 2) 2*3
15 192 ( 0 0 1)+( 0 0 1) P=( 0 0 2) 2*2
16  48 ( 0 0 1)+( 0 0 1) P=( 0 0 2) 2*2
17 192 ( 0 0 1)+( 0 0 0) P=( 0 0 1) 2*4
18 192 ( 0 0 1)+( 1 0 0) P=( 1 0 1) 2*2
19 384 ( 0 0 1)+( 0-1 0) P=( 0-1 1) 2*2
20 192 ( 0 0 1)+( 0 1 0) P=( 0 1 1) 2*2
21 192 ( 0 0 1)+(-1 0 0) P=(-1 0 1) 2*2
22 384 ( 0 0 1)+( 0 0 0) P=( 0 0 1) 2*4
23  48 ( 0 0 1)+( 0 0 1) P=( 0 0 2) 2*2
24 192 ( 0 0 1)+( 0 0 0) P=( 0 0 1) 2*4
25 384 ( 0 0 1)+( 0 1 0) P=( 0 1 1) 2*2
26 192 ( 0 0 1)+(-1 0 0) P=(-1 0 1) 2*2
27 384 ( 0 0 1)+( 1 1 0) P=( 1 1 1) 2*3
28  96 ( 0 0 1)+( 0 0 0) P=( 0 0 1) 2*4
29  96 ( 0 0 1)+( 0 0-1) P=( 0 0 0) 2*2
30 384 ( 0 0 1)+( 0 1-1) P=( 0 1 0) 2*3
31 384 ( 0 0 1)+( 1 1 0) P=( 1 1 1) 2*3
32 192 ( 0 0 1)+( 0 0 0) P=( 0 0 1) 2*4
33 384 ( 0 0 1)+( 1 0-1) P=( 1 0 0) 2*3
34 192 ( 0 0 1)+( 0 0-1) P=( 0 0 0) 2*2
35  96 ( 0 0 1)+( 0 0 0) P=( 0 0 1) 2*4
36  48 ( 0 0 1)+( 0 0-1) P=( 0 0 0) 2*2
37  48 ( 0 0 1)+( 0 0-1) P=( 0 0 0) 2*2
38  24 ( 0-1 1)+( 0-1 1) P=( 0-2 2) 3*3
39 192 ( 0-1 1)+(-1 0 1) P=(-1-1 1) 3*3
40  96 ( 0-1 1)+( 0 1 1) P=( 0 0 2) 3*3
41 384 ( 0-1 1)+( 0 0 0) P=( 0-1 1) 3*4
42  96 ( 0-1 1)+( 0 0 0) P=( 0-1 1) 3*4
43 192 ( 0-1 1)+( 1 1 0) P=( 1 0 1) 3*3
44  24 ( 0-1 1)+( 0 1-1) P=( 0 0 0) 3*3
45  24 ( 0-1 1)+( 0-1 1) P=( 0-2 2) 3*3
46  96 ( 0-1 1)+( 0 0 0) P=( 0-1 1) 3*4
47  24 ( 0-1 1)+( 0 1-1) P=( 0 0 0) 3*3
48  12 ( 0 0 0)+( 0 0 0) P=( 0 0 0) 4*4
49  48 ( 0 0 0)+( 0 0 0) P=( 0 0 0) 4*4
50  48 ( 0 0 0)+( 0 0 0) P=( 0 0 0) 4*4
51  24 ( 0 0 0)+( 0 0 0) P=( 0 0 0) 4*4
52  12 ( 0 0 0)+( 0 0 0) P=( 0 0 0) 4*4
