

 #v,#q,#freq,#unit
 6, 1, 144,16
 P=      -1.0000 V=    2277.3871 E=    -550.868274790
    0.000000000    0.000000000    0.000000000
   -0.512091000
   -0.375276000
   -0.272624000
   54.331881000
   54.987611000
   55.577799000
  108.126376000
  108.304767000
  116.207408000
  126.578248000
  126.637805000
  129.367224000
  129.443062000
  134.400571000
  134.501375000
  139.499394000
  140.463539000
  140.822090000
  147.259266000
  155.304755000
  155.491932000
  155.530984000
  155.570489000
  158.516433000
  167.845176000
  168.061768000
  168.190591000
  169.560910000
  169.737019000
  170.918617000
  172.058891000
  173.125170000
  173.258620000
  176.434757000
  176.508556000
  184.523986000
  184.604584000
  184.997180000
  188.409256000
  188.718546000
  199.552371000
  199.690918000
  208.789390000
  223.024069000
  223.465964000
  223.633763000
  230.198962000
  230.419925000
  529.002791000
  529.390334000
  545.027058000
  545.069997000
  568.143260000
  568.346443000
  569.807641000
  569.935181000
  579.765843000
  579.958472000
  585.395172000
  587.026501000
  587.464802000
  588.122385000
  592.885002000
  615.167069000
  615.253111000
  618.455032000
  618.458703000
  626.478053000
  626.744336000
  634.322407000
  639.721943000
  641.449154000
  651.767729000
  651.917591000
  703.703323000
  703.820644000
  708.128980000
  709.722820000
  709.768510000
  753.007337000
  753.153828000
  766.562855000
  766.611084000
  779.373406000
  779.725602000
  830.008855000
  830.177467000
  831.786484000
  832.126845000
  832.281020000
  842.498274000
  842.618608000
  871.167826000
  871.201255000
  910.312114000
  924.502266000
 1575.176220000
 1597.993066000
 1598.096710000
 1605.696737000
 1628.075148000
 1628.154082000
 1629.283672000
 1629.338876000
 1664.440856000
 1664.538452000
 1666.012127000
 1666.075779000
 1678.890576000
 1678.989840000
 1680.831344000
 1700.893308000
 3348.208412000
 3349.409949000
 3379.453630000
 3379.636229000
 3380.733648000
 3380.880674000
 3382.302050000
 3382.405265000
 3383.362448000
 3383.480725000
 3429.846751000
 3430.058236000
 3430.091944000
 3430.325618000
 3451.760245000
 3451.908555000
 3451.979723000
 3452.167771000
 3452.799919000
 3453.584085000
 3453.624663000
 3453.761270000
 3454.146874000
 3475.479909000
 3496.650316000
 3496.764739000
 3498.818120000
 3498.980294000
 3502.521328000
 3502.606635000
 3504.213692000
 3504.380996000


 P=       0.0000 V=    2184.9501 E=    -550.867974190
    0.000000000    0.000000000    0.000000000
   -0.389385000
   -0.298059000
   -0.266768000
   77.566911000
   78.090692000
   79.465966000
  110.722599000
  110.875757000
  119.506028000
  130.182006000
  130.200847000
  143.624307000
  145.888381000
  145.930658000
  147.595649000
  147.777846000
  152.378133000
  152.675558000
  158.476551000
  167.905497000
  167.978316000
  168.103690000
  168.199700000
  171.035499000
  177.992979000
  180.583266000
  180.776065000
  182.605610000
  182.693958000
  182.865922000
  183.614850000
  183.713795000
  187.543924000
  187.751217000
  191.762405000
  202.556239000
  203.502091000
  203.968676000
  204.112427000
  204.170172000
  216.665141000
  216.711820000
  224.866167000
  243.279810000
  244.134268000
  245.240904000
  248.803941000
  249.068740000
  533.838850000
  534.380442000
  547.841566000
  547.879380000
  574.716005000
  574.936960000
  575.500270000
  575.740030000
  587.340720000
  590.682374000
  590.884606000
  592.897798000
  593.007897000
  593.585258000
  606.693851000
  625.476998000
  625.492861000
  628.496004000
  628.525749000
  631.904982000
  632.099869000
  642.670368000
  648.460109000
  649.800013000
  661.354089000
  661.502988000
  710.292882000
  710.417701000
  714.886246000
  720.531686000
  720.772604000
  765.808053000
  766.034452000
  781.117657000
  781.310672000
  791.622270000
  791.801872000
  843.080282000
  843.177891000
  847.563761000
  849.309814000
  849.378818000
  859.331882000
  859.418845000
  887.798386000
  887.850062000
  931.844431000
  941.573451000
 1573.864121000
 1598.005946000
 1598.077393000
 1604.899282000
 1629.186099000
 1629.237633000
 1630.370216000
 1630.397851000
 1669.140615000
 1669.212684000
 1670.101057000
 1670.136433000
 1683.690897000
 1683.766144000
 1687.167061000
 1707.233988000
 3338.300893000
 3339.882078000
 3371.470400000
 3371.502945000
 3372.491087000
 3372.521385000
 3374.344350000
 3374.392823000
 3375.302391000
 3375.338046000
 3429.490278000
 3429.519981000
 3430.479846000
 3430.548211000
 3440.670515000
 3440.804475000
 3441.022242000
 3441.042766000
 3442.435031000
 3442.568952000
 3442.590836000
 3443.246262000
 3454.491198000
 3480.160492000
 3492.473904000
 3492.512031000
 3495.423584000
 3495.463123000
 3499.441781000
 3499.470356000
 3501.873548000
 3501.899529000


 P=      10.0000 V=    1664.1745 E=    -550.724162090
    0.000000000    0.000000000    0.000000000
   -0.180741000
   -0.155092000
   -0.147656000
  152.398371000
  152.525844000
  158.207738000
  173.542562000
  173.581338000
  187.192531000
  211.863318000
  212.193041000
  212.262746000
  247.420524000
  247.438645000
  252.306213000
  252.391331000
  256.916696000
  261.150030000
  261.254995000
  261.524045000
  265.794056000
  265.935810000
  268.145468000
  268.288727000
  272.526777000
  272.624732000
  274.014084000
  289.929351000
  292.030519000
  292.120748000
  300.163052000
  300.397551000
  310.292298000
  310.423543000
  328.187777000
  328.673277000
  348.088512000
  351.229259000
  357.324612000
  357.371396000
  359.357416000
  360.270024000
  360.399631000
  408.681539000
  408.757317000
  412.511881000
  412.918280000
  421.432006000
  691.562258000
  707.054002000
  707.169997000
  712.089184000
  751.541115000
  751.749634000
  766.809287000
  767.056675000
  773.411400000
  777.484275000
  777.537824000
  794.185076000
  794.651781000
  806.633700000
  806.635679000
  807.091907000
  807.470463000
  807.630992000
  829.189823000
  833.428813000
  833.808476000
  836.185819000
  836.463194000
  853.013703000
  853.362670000
  871.523374000
  898.384193000
  913.716786000
  914.269136000
  918.184995000
  918.455467000
  984.889831000
  985.168710000
 1006.057437000
 1006.326409000
 1007.659057000
 1008.254473000
 1071.223473000
 1074.935679000
 1075.224905000
 1085.113746000
 1085.269300000
 1088.475187000
 1088.638815000
 1126.026941000
 1126.164940000
 1175.433194000
 1175.746187000
 1577.474932000
 1617.738231000
 1617.801133000
 1629.517029000
 1663.180742000
 1663.258108000
 1665.501296000
 1665.510889000
 1707.544899000
 1707.568282000
 1708.310365000
 1708.336125000
 1727.262694000
 1727.340899000
 1748.319325000
 1776.251368000
 3021.116962000
 3025.530270000
 3064.821811000
 3065.777865000
 3066.632831000
 3066.816990000
 3068.644365000
 3068.795724000
 3069.587834000
 3069.750413000
 3120.427357000
 3122.873835000
 3124.033860000
 3124.399823000
 3124.647885000
 3125.085509000
 3125.820123000
 3126.156432000
 3236.563687000
 3237.686038000
 3253.641154000
 3254.590520000
 3280.830765000
 3281.312649000
 3286.597946000
 3286.913036000
 3289.925425000
 3305.968940000
 3306.225807000
 3311.736481000
 3312.008817000
 3352.464006000


 P=      30.0000 V=    1361.7294 E=    -550.335386960
    0.000000000    0.000000000    0.000000000
   -0.090030000
   -0.083100000
   -0.070038000
  188.295441000
  188.370408000
  190.752943000
  207.610242000
  207.616002000
  219.606133000
  312.691360000
  312.868501000
  315.486558000
  332.444455000
  339.954180000
  340.650240000
  340.666353000
  341.522649000
  341.537439000
  346.757206000
  346.814240000
  356.199409000
  356.314185000
  359.903415000
  360.020202000
  378.211316000
  378.718335000
  378.856777000
  397.123529000
  397.418356000
  407.683103000
  416.367451000
  416.485790000
  451.076353000
  451.359845000
  454.288422000
  454.314323000
  484.105458000
  489.184227000
  497.496380000
  497.611897000
  499.489503000
  508.560495000
  508.584772000
  568.612642000
  568.692006000
  580.296338000
  580.656729000
  595.504827000
  835.339107000
  847.118341000
  847.280676000
  879.286257000
  912.964593000
  912.995140000
  939.460564000
  943.665995000
  943.798785000
  946.415114000
  946.704641000
  970.272363000
  970.309904000
  973.303968000
  973.325737000
  974.764943000
  974.997123000
  995.310496000
  999.369881000
 1005.340003000
 1021.740539000
 1022.066386000
 1028.649982000
 1029.183283000
 1031.574796000
 1051.683556000
 1065.476446000
 1081.841462000
 1082.295498000
 1088.042621000
 1088.502907000
 1192.184343000
 1192.371577000
 1207.287975000
 1207.702538000
 1209.898377000
 1210.324370000
 1273.152677000
 1278.081084000
 1278.419988000
 1287.576143000
 1287.858174000
 1290.435974000
 1290.547513000
 1332.018613000
 1332.041187000
 1367.578749000
 1395.942054000
 1584.968777000
 1640.531828000
 1640.692105000
 1648.032247000
 1696.818591000
 1696.931047000
 1699.521115000
 1699.621042000
 1743.585772000
 1743.676617000
 1749.963345000
 1750.077767000
 1772.801347000
 1772.923096000
 1829.062973000
 1858.158085000
 2603.491588000
 2606.530690000
 2650.507331000
 2650.559360000
 2651.468765000
 2651.509690000
 2654.567858000
 2654.604494000
 2657.028303000
 2657.065612000
 2701.763288000
 2705.237841000
 2705.347546000
 2708.958507000
 2709.044466000
 2709.254082000
 2709.401297000
 2709.707508000
 3022.062013000
 3022.082942000
 3052.205086000
 3052.289199000
 3060.784726000
 3060.799437000
 3070.023674000
 3070.111417000
 3108.700003000
 3108.738298000
 3110.589634000
 3117.769096000
 3117.816986000
 3233.069479000


 P=      50.0000 V=    1213.8942 E=    -549.936819020
    0.000000000    0.000000000    0.000000000
   -0.162197000
   -0.118140000
   -0.112797000
  210.714998000
  210.802011000
  211.796096000
  224.295103000
  224.384160000
  232.790674000
  363.907120000
  363.990090000
  371.024000000
  379.888418000
  389.758697000
  389.845812000
  392.300713000
  403.907749000
  403.926780000
  408.814507000
  408.900578000
  413.287310000
  413.361032000
  431.308368000
  431.325308000
  452.818255000
  453.070036000
  456.308773000
  471.589015000
  471.726789000
  486.587233000
  501.700760000
  501.778662000
  536.548538000
  536.727694000
  563.580512000
  563.632859000
  563.711524000
  578.669985000
  586.779619000
  586.842897000
  606.613933000
  620.060500000
  620.066560000
  684.739018000
  684.760809000
  702.418351000
  702.743040000
  719.077190000
  942.819420000
  948.458881000
  948.579521000
 1007.486920000
 1031.172393000
 1031.371245000
 1066.821914000
 1069.705287000
 1069.979818000
 1073.265196000
 1073.526411000
 1091.883725000
 1092.042930000
 1096.624602000
 1096.850511000
 1099.522146000
 1099.879144000
 1105.252856000
 1106.342268000
 1145.765652000
 1146.958549000
 1153.705587000
 1153.754631000
 1156.906128000
 1157.198824000
 1174.200772000
 1196.187485000
 1196.456525000
 1198.073432000
 1198.492148000
 1198.656709000
 1347.703977000
 1348.062837000
 1348.340889000
 1348.516085000
 1351.687013000
 1351.848889000
 1408.514912000
 1408.533985000
 1415.279122000
 1417.075460000
 1417.154196000
 1423.628077000
 1423.754176000
 1469.900869000
 1469.945264000
 1492.343724000
 1546.630360000
 1593.231674000
 1648.771150000
 1656.032204000
 1656.054784000
 1713.759173000
 1713.914574000
 1724.336354000
 1724.482902000
 1762.505649000
 1762.646700000
 1780.616930000
 1780.704539000
 1807.309598000
 1807.439135000
 1900.645001000
 1928.588186000
 2191.856725000
 2195.882337000
 2242.203108000
 2242.326118000
 2244.060980000
 2244.192753000
 2251.452113000
 2251.631643000
 2253.715736000
 2253.830679000
 2296.236210000
 2299.986406000
 2301.339506000
 2307.850209000
 2310.908104000
 2311.475197000
 2312.121433000
 2312.899019000
 2834.261351000
 2835.262777000
 2859.424701000
 2859.439665000
 2866.020565000
 2866.083202000
 2917.494604000
 2918.345201000
 2949.176039000
 2949.188908000
 2953.394411000
 2956.004686000
 2956.385812000
 3138.663662000


 P=      70.0000 V=    1119.3423 E=    -549.550904610
    0.000000000    0.000000000    0.000000000
   -0.144639000
   -0.115086000
   -0.106239000
  227.270196000
  227.375883000
  227.462093000
  237.497085000
  237.575860000
  244.316837000
  389.827262000
  389.873765000
  398.808516000
  406.609318000
  420.271571000
  420.395859000
  427.437101000
  446.205746000
  446.241493000
  448.480571000
  448.503997000
  452.199756000
  452.314125000
  494.759707000
  494.822889000
  508.723226000
  508.888597000
  522.403072000
  530.420930000
  530.611622000
  548.935345000
  570.857711000
  570.927179000
  607.488268000
  607.528916000
  616.992106000
  636.292949000
  646.477029000
  646.523375000
  656.399186000
  656.416909000
  691.210967000
  714.218789000
  714.323911000
  782.087985000
  782.119272000
  804.826316000
  804.934117000
  820.542528000
 1015.940543000
 1020.432307000
 1020.525810000
 1096.604635000
 1112.233022000
 1112.365230000
 1157.766749000
 1166.042042000
 1166.099623000
 1172.217152000
 1172.275153000
 1175.866778000
 1175.981317000
 1176.872816000
 1176.968032000
 1182.885476000
 1182.957569000
 1189.757101000
 1194.826031000
 1217.309515000
 1249.548907000
 1250.101205000
 1250.179558000
 1257.596838000
 1257.620445000
 1272.303625000
 1277.520743000
 1277.539114000
 1288.105078000
 1288.135582000
 1292.329880000
 1457.166012000
 1457.204799000
 1466.150553000
 1466.228356000
 1466.249574000
 1466.276204000
 1471.353020000
 1471.387279000
 1520.773481000
 1520.887185000
 1521.942993000
 1527.978011000
 1527.995695000
 1567.282456000
 1567.339535000
 1574.834723000
 1606.545827000
 1649.444078000
 1651.727792000
 1683.026799000
 1683.074509000
 1727.455633000
 1727.564128000
 1741.475597000
 1741.518736000
 1770.489905000
 1771.173200000
 1771.203583000
 1795.533211000
 1795.552229000
 1798.075473000
 1801.457133000
 1801.534626000
 1836.265676000
 1836.277206000
 1847.713129000
 1847.726661000
 1859.142331000
 1859.149317000
 1883.100017000
 1883.101795000
 1896.293595000
 1903.901206000
 1904.198160000
 1918.811680000
 1920.820226000
 1922.094702000
 1922.356252000
 1933.019356000
 1968.089401000
 1990.449850000
 2680.063307000
 2680.257366000
 2694.083155000
 2694.108311000
 2702.878200000
 2702.912643000
 2798.927650000
 2799.117949000
 2818.592904000
 2818.608449000
 2823.477771000
 2826.923951000
 2826.979228000
 3067.922815000
 weight
 0.0 0.0 0.0 1.0
