

 #v,#q,#freq,#unit
 6, 1, 144,16
 P=      -1.0000 V=    2295.1660 E=    -550.872841430
    0.000000000    0.000000000    0.000000000
   -0.402702000
   -0.375921000
   -0.314373000
   82.095819000
   90.961369000
   94.251057000
   95.812734000
   97.603163000
  105.801204000
  112.102214000
  112.810593000
  113.523161000
  113.989261000
  119.234430000
  119.396757000
  135.805331000
  136.799748000
  137.313979000
  141.176481000
  151.547531000
  152.475814000
  155.251059000
  156.848955000
  158.544769000
  158.734601000
  162.433798000
  163.591951000
  166.959130000
  167.087698000
  167.957659000
  169.456324000
  170.573358000
  172.353295000
  172.716076000
  175.411554000
  175.816742000
  180.400509000
  181.689035000
  187.715785000
  193.523591000
  204.037932000
  208.002328000
  209.248344000
  209.870772000
  211.816147000
  218.391084000
  225.234314000
  247.430513000
  512.717185000
  518.952511000
  526.321070000
  531.702667000
  540.270017000
  542.545992000
  546.593281000
  554.551030000
  556.072104000
  567.950931000
  573.185373000
  577.134560000
  578.722845000
  584.889278000
  590.648808000
  591.757403000
  596.885963000
  606.070910000
  610.221485000
  615.041067000
  623.200391000
  629.306305000
  633.238571000
  634.794264000
  654.001526000
  668.965178000
  699.455110000
  708.322523000
  722.990544000
  737.279735000
  739.410143000
  747.447084000
  752.344820000
  778.180049000
  790.621674000
  796.830446000
  806.322378000
  812.866631000
  817.662426000
  822.480063000
  827.813760000
  833.506480000
  837.748774000
  850.461774000
  874.338483000
  888.617977000
  903.843864000
  939.331652000
 1590.437941000
 1600.399752000
 1605.667169000
 1621.146860000
 1623.956096000
 1626.304759000
 1629.240953000
 1635.352524000
 1641.158698000
 1643.725950000
 1644.921756000
 1653.831253000
 1658.548786000
 1667.162271000
 1684.634891000
 1691.601984000
 3358.553257000
 3361.095690000
 3385.708925000
 3386.513567000
 3396.611158000
 3397.905812000
 3404.620636000
 3404.860205000
 3406.807070000
 3407.042522000
 3411.621375000
 3412.123706000
 3412.757570000
 3413.292342000
 3455.359121000
 3460.549549000
 3462.250670000
 3463.359129000
 3469.818596000
 3485.223803000
 3490.059866000
 3490.784274000
 3492.222152000
 3492.451356000
 3494.115568000
 3494.868162000
 3496.638265000
 3499.235107000
 3506.347073000
 3507.866809000
 3513.488397000
 3515.063400000


 P=       0.0000 V=    2182.8449 E=    -550.873360290
    0.000000000    0.000000000    0.000000000
   -0.384362000
   -0.346986000
   -0.283075000
  104.328239000
  110.611928000
  113.596146000
  115.156732000
  116.249000000
  118.222310000
  118.417721000
  119.557753000
  121.502236000
  125.356082000
  125.780526000
  128.584804000
  150.630163000
  152.175126000
  152.902522000
  156.718635000
  167.171525000
  168.733594000
  172.951689000
  173.288012000
  173.847136000
  175.074127000
  177.620562000
  179.419746000
  181.171314000
  182.355681000
  182.584591000
  184.176415000
  184.665847000
  185.306533000
  187.665523000
  189.147552000
  193.329310000
  197.047931000
  198.483900000
  207.181307000
  215.996442000
  228.230640000
  231.601275000
  233.196073000
  235.025603000
  236.149432000
  241.024770000
  246.745282000
  271.838198000
  524.862587000
  532.287033000
  541.829826000
  544.257710000
  556.986859000
  557.236294000
  564.240356000
  570.385364000
  574.024544000
  583.138777000
  589.951876000
  594.394976000
  594.989926000
  601.177952000
  607.654090000
  609.448694000
  615.313026000
  625.314124000
  628.552753000
  633.160618000
  642.585006000
  648.669720000
  650.230499000
  654.864800000
  672.042029000
  689.963275000
  721.351326000
  731.206532000
  745.220006000
  761.088374000
  763.757039000
  773.124436000
  776.285023000
  800.685018000
  816.520706000
  822.115929000
  832.069363000
  837.503620000
  843.839630000
  849.305764000
  854.106429000
  859.811621000
  863.968764000
  878.421624000
  903.270392000
  917.283924000
  932.878229000
  969.377217000
 1589.884704000
 1600.225333000
 1605.750897000
 1621.671879000
 1625.266454000
 1627.013909000
 1631.062978000
 1638.203990000
 1643.504764000
 1646.374288000
 1646.506889000
 1657.969913000
 1662.260496000
 1669.942332000
 1689.752779000
 1699.018970000
 3335.792412000
 3338.554704000
 3366.057712000
 3367.064407000
 3374.812600000
 3376.170135000
 3387.254259000
 3387.817657000
 3389.508895000
 3390.193137000
 3391.506060000
 3392.078573000
 3392.993329000
 3393.413791000
 3438.245085000
 3438.994764000
 3439.366883000
 3440.562706000
 3454.637525000
 3475.356573000
 3476.201996000
 3476.736423000
 3477.544904000
 3478.053076000
 3478.318777000
 3479.602630000
 3481.345475000
 3485.781289000
 3493.996078000
 3495.612004000
 3499.298700000
 3501.127921000


 P=      10.0000 V=    1664.9082 E=    -550.728763630
    0.000000000    0.000000000    0.000000000
   -0.250380000
   -0.239557000
   -0.167713000
  158.205031000
  158.964033000
  159.126671000
  161.009513000
  166.086739000
  166.548025000
  234.062298000
  235.420879000
  238.851061000
  245.767753000
  247.315469000
  253.459739000
  254.458730000
  257.703283000
  260.809076000
  264.625538000
  265.847008000
  266.165509000
  266.290021000
  267.517827000
  269.204407000
  269.866196000
  272.755637000
  273.072769000
  274.414046000
  289.055348000
  295.081692000
  296.985134000
  300.125793000
  300.381372000
  308.629682000
  310.850361000
  315.801316000
  318.997277000
  319.378994000
  343.529095000
  364.767894000
  386.874356000
  389.854943000
  393.392263000
  400.863681000
  402.505149000
  404.643444000
  405.150577000
  437.048827000
  693.325740000
  704.258153000
  705.180837000
  726.891004000
  733.465763000
  746.479813000
  753.406264000
  755.460964000
  759.728532000
  766.265160000
  774.114083000
  779.777993000
  783.861768000
  787.231134000
  792.375200000
  801.143719000
  808.125705000
  811.598488000
  818.178750000
  818.619322000
  831.248270000
  842.560727000
  843.595820000
  846.411550000
  861.506427000
  888.236316000
  917.729882000
  936.156759000
  952.497674000
  965.839898000
  977.592547000
  979.542992000
  985.149308000
 1012.215533000
 1037.959222000
 1041.731334000
 1047.782161000
 1059.696367000
 1063.448031000
 1070.691818000
 1079.031016000
 1079.531071000
 1092.237171000
 1102.145947000
 1130.320980000
 1148.365957000
 1174.437192000
 1207.905638000
 1600.072309000
 1615.976271000
 1624.997036000
 1647.912347000
 1651.517923000
 1654.170988000
 1659.414640000
 1672.873159000
 1675.723332000
 1679.850349000
 1679.963215000
 1695.372664000
 1698.936044000
 1710.583572000
 1749.705981000
 1767.903358000
 3021.834676000
 3025.937788000
 3053.242270000
 3059.280615000
 3081.200857000
 3082.999281000
 3086.516618000
 3088.471482000
 3090.196169000
 3092.710612000
 3097.911610000
 3103.865639000
 3105.268301000
 3108.087685000
 3128.207105000
 3129.550460000
 3130.658418000
 3132.358962000
 3262.340800000
 3267.149060000
 3270.016319000
 3272.114975000
 3278.534406000
 3279.276935000
 3288.966752000
 3294.170759000
 3295.949095000
 3296.804369000
 3299.502545000
 3312.927102000
 3318.687472000
 3357.485855000


 P=      30.0000 V=    1362.9851 E=    -550.341578040
    0.000000000    0.000000000    0.000000000
   -0.137867000
   -0.110773000
   -0.087098000
  192.566880000
  192.827557000
  193.200989000
  194.973026000
  199.022843000
  199.913163000
  328.750378000
  332.357738000
  333.506573000
  335.756848000
  338.531512000
  340.740685000
  342.559752000
  345.231492000
  351.351050000
  354.769874000
  356.724025000
  359.341192000
  362.237428000
  365.657744000
  366.566571000
  373.988748000
  376.268134000
  378.777871000
  381.896006000
  402.200420000
  404.648764000
  409.188109000
  410.143925000
  427.039321000
  434.006790000
  435.743906000
  442.672057000
  445.848991000
  447.607320000
  482.082581000
  508.524950000
  536.968313000
  547.664637000
  551.032249000
  561.724991000
  566.518285000
  567.271078000
  568.328111000
  601.701859000
  838.888133000
  844.485411000
  847.836106000
  895.626044000
  896.286590000
  915.907572000
  920.010827000
  927.510994000
  929.684603000
  939.717126000
  942.189377000
  955.163807000
  957.308673000
  958.917096000
  961.360009000
  972.565382000
  972.671133000
  981.060127000
  984.120403000
  993.625277000
  996.676428000
 1019.598499000
 1024.936402000
 1028.813086000
 1035.379499000
 1068.414118000
 1095.709678000
 1121.479330000
 1133.843199000
 1148.654019000
 1163.218088000
 1171.804788000
 1172.830576000
 1203.733312000
 1229.937573000
 1231.802278000
 1246.096146000
 1256.440162000
 1259.352087000
 1272.058470000
 1278.720591000
 1282.267625000
 1296.653124000
 1306.695216000
 1335.530284000
 1360.414791000
 1381.995583000
 1406.367471000
 1616.153229000
 1635.313423000
 1645.998257000
 1677.206783000
 1686.445491000
 1688.537397000
 1691.880096000
 1710.082174000
 1712.345029000
 1712.988093000
 1713.954383000
 1734.708672000
 1737.853164000
 1747.854375000
 1822.834399000
 1848.887169000
 2605.275950000
 2610.256944000
 2644.719252000
 2645.915174000
 2669.440910000
 2670.688504000
 2679.957887000
 2680.803458000
 2684.272090000
 2687.433567000
 2695.440652000
 2698.476203000
 2704.259942000
 2706.453768000
 2718.167362000
 2719.337303000
 2725.656137000
 2726.713838000
 3041.577287000
 3043.457071000
 3048.310603000
 3055.147388000
 3062.722939000
 3064.779673000
 3095.612083000
 3100.214119000
 3105.997915000
 3106.810519000
 3119.400377000
 3120.825822000
 3126.196816000
 3241.232648000


 P=      50.0000 V=    1215.5743 E=    -549.944447270
    0.000000000    0.000000000    0.000000000
   -0.154583000
   -0.142584000
   -0.120791000
  214.552766000
  214.610329000
  215.336558000
  215.847852000
  220.014971000
  220.605305000
  376.876244000
  381.136983000
  381.895167000
  382.266869000
  385.940496000
  387.993898000
  400.167823000
  401.528950000
  417.244842000
  419.197430000
  422.363590000
  427.852921000
  428.395470000
  430.453560000
  438.091240000
  442.966161000
  447.312820000
  453.584533000
  458.418074000
  475.091752000
  477.453656000
  486.044913000
  489.082317000
  515.056671000
  523.254240000
  529.042678000
  535.909791000
  541.958591000
  545.795238000
  583.460673000
  607.335981000
  646.761177000
  657.299528000
  662.385462000
  676.259381000
  682.835747000
  683.407164000
  685.256694000
  716.853397000
  938.852557000
  940.376302000
  944.259091000
 1009.062359000
 1011.602472000
 1025.306705000
 1041.789374000
 1048.119419000
 1054.073808000
 1057.462422000
 1063.699134000
 1072.508854000
 1075.492531000
 1075.797990000
 1083.414309000
 1086.884446000
 1089.995015000
 1096.897596000
 1097.951085000
 1106.245731000
 1116.445982000
 1141.062608000
 1149.682558000
 1156.490758000
 1163.949865000
 1187.218810000
 1216.375801000
 1243.607851000
 1251.204600000
 1266.626334000
 1282.622959000
 1293.623860000
 1304.117246000
 1337.641709000
 1351.163352000
 1360.174402000
 1383.403058000
 1386.092623000
 1394.966914000
 1407.109645000
 1416.411624000
 1419.444387000
 1431.683568000
 1442.801813000
 1468.109839000
 1501.878373000
 1515.623820000
 1527.001935000
 1634.658381000
 1652.040197000
 1663.407123000
 1699.805936000
 1711.614341000
 1718.957091000
 1720.522722000
 1732.088346000
 1733.834938000
 1735.360249000
 1742.206337000
 1756.580517000
 1766.271090000
 1773.055199000
 1889.945924000
 1914.716537000
 2194.377774000
 2201.142332000
 2241.609647000
 2248.693417000
 2265.048130000
 2270.403531000
 2277.944851000
 2282.376467000
 2302.244503000
 2310.417612000
 2314.282458000
 2321.967431000
 2331.976989000
 2332.561041000
 2334.149441000
 2337.636260000
 2353.258391000
 2356.749830000
 2849.628431000
 2853.301430000
 2861.909376000
 2879.355730000
 2887.115885000
 2890.072597000
 2940.385780000
 2942.816822000
 2952.564821000
 2962.723001000
 2973.573411000
 2974.496282000
 2980.501338000
 3153.239517000


 P=      70.0000 V=    1120.3093 E=    -549.557048180
    0.000000000    0.000000000    0.000000000
   -0.159745000
   -0.157285000
   -0.131239000
  228.220162000
  229.172797000
  229.302585000
  229.824256000
  232.630485000
  233.063759000
  404.396239000
  409.198770000
  410.361503000
  412.765940000
  415.477945000
  417.262906000
  431.262747000
  434.878985000
  456.998866000
  467.919857000
  470.154376000
  480.973896000
  483.697127000
  485.939958000
  489.077204000
  498.818380000
  499.104453000
  510.919888000
  516.714095000
  530.941004000
  533.515787000
  541.929641000
  551.050036000
  580.735374000
  589.551601000
  614.376953000
  616.395199000
  627.268894000
  628.096093000
  669.572780000
  687.189199000
  736.807516000
  745.462482000
  750.947617000
  769.865231000
  776.959688000
  781.472823000
  783.571869000
  810.053361000
 1015.285393000
 1015.861554000
 1018.102426000
 1100.282514000
 1102.830272000
 1109.933307000
 1141.441267000
 1144.894113000
 1153.911879000
 1155.488870000
 1162.140741000
 1165.222329000
 1167.821399000
 1169.203179000
 1177.551197000
 1178.277778000
 1181.907784000
 1184.994882000
 1189.068436000
 1197.659869000
 1213.162606000
 1233.036337000
 1243.392915000
 1256.236437000
 1264.133979000
 1276.684995000
 1305.733413000
 1331.478486000
 1332.388728000
 1351.710554000
 1365.219465000
 1373.435988000
 1401.491901000
 1439.992161000
 1444.627355000
 1465.833408000
 1486.266138000
 1486.868303000
 1498.719020000
 1508.557513000
 1519.648360000
 1523.827785000
 1531.905350000
 1543.217069000
 1559.982085000
 1605.128591000
 1605.684299000
 1609.023307000
 1654.922726000
 1669.013884000
 1676.229965000
 1716.853347000
 1726.329277000
 1732.132132000
 1738.377263000
 1743.502266000
 1746.728279000
 1751.706422000
 1759.883050000
 1770.589993000
 1775.731566000
 1782.362256000
 1793.620345000
 1809.798274000
 1845.413556000
 1854.280937000
 1857.675589000
 1865.246290000
 1888.751433000
 1895.160132000
 1897.651263000
 1914.959146000
 1919.227581000
 1928.733141000
 1934.918313000
 1937.000703000
 1940.000627000
 1942.544972000
 1959.122551000
 1960.750055000
 1969.716064000
 1980.861413000
 2684.772959000
 2692.105483000
 2707.517790000
 2712.565689000
 2716.082137000
 2717.768727000
 2810.108217000
 2815.919261000
 2826.157415000
 2830.826070000
 2836.340052000
 2841.752436000
 2843.516682000
 3079.441272000
 weight
 0.0 0.0 0.0 1.0
