

 #v,#q,#freq,#unit
 6, 1, 144,16
 P=      -1.0000 V=    2280.7675 E=    -550.869978180
    0.000000000    0.000000000    0.000000000
   -0.289420000
   -0.271851000
   -0.227668000
   71.731369000
   78.083797000
   82.750902000
  104.167063000
  108.521616000
  111.472229000
  112.775127000
  112.842478000
  114.915089000
  120.338738000
  129.822682000
  133.079821000
  140.234293000
  141.515380000
  141.665871000
  148.604147000
  149.849604000
  150.610970000
  152.269743000
  155.185420000
  158.567938000
  159.924513000
  161.382510000
  164.372433000
  164.926661000
  166.975813000
  172.739172000
  173.422543000
  173.631343000
  173.845528000
  176.087419000
  179.361873000
  180.005881000
  189.851812000
  193.673024000
  194.203634000
  199.807149000
  200.285871000
  200.976362000
  212.826126000
  219.056727000
  220.468167000
  221.934053000
  229.586307000
  238.954289000
  526.963743000
  529.832332000
  540.134199000
  547.010363000
  552.363166000
  552.724544000
  562.607896000
  562.835961000
  566.459743000
  571.579270000
  579.057164000
  585.230284000
  587.286307000
  596.191158000
  602.046911000
  607.513091000
  608.660733000
  621.725926000
  625.027718000
  627.293328000
  629.215731000
  632.291617000
  638.810085000
  646.815789000
  661.681961000
  683.983558000
  685.982760000
  705.911488000
  722.585592000
  723.237875000
  741.120757000
  758.798102000
  761.547021000
  772.224864000
  772.777238000
  790.848754000
  796.306066000
  800.353890000
  819.659725000
  825.869972000
  829.129690000
  832.545394000
  842.707234000
  870.584477000
  877.910467000
  884.935697000
  904.103082000
  940.808721000
 1592.735393000
 1597.554582000
 1607.588865000
 1610.700795000
 1614.550835000
 1623.086776000
 1638.395216000
 1643.063977000
 1647.362503000
 1653.701386000
 1659.989003000
 1667.314730000
 1670.324063000
 1675.003479000
 1684.065988000
 1695.020069000
 3346.477760000
 3348.044312000
 3377.998160000
 3378.900481000
 3385.100876000
 3386.400278000
 3392.186802000
 3393.348533000
 3394.174678000
 3394.828434000
 3402.931931000
 3403.883666000
 3404.048926000
 3405.788668000
 3446.333640000
 3451.181280000
 3452.416009000
 3452.783426000
 3457.454130000
 3476.200409000
 3478.076360000
 3480.149944000
 3480.159444000
 3482.859476000
 3487.011138000
 3487.753556000
 3488.889744000
 3490.712660000
 3497.694992000
 3501.212465000
 3502.805896000
 3506.694465000


 P=       0.0000 V=    2178.0413 E=    -550.869996870
    0.000000000    0.000000000    0.000000000
   -0.262154000
   -0.245907000
   -0.210155000
   93.579000000
   99.470640000
  103.229591000
  114.826205000
  117.225589000
  117.462070000
  117.840979000
  121.229403000
  127.580078000
  128.806224000
  135.290732000
  147.051150000
  154.855400000
  155.953620000
  158.005033000
  162.795168000
  164.070792000
  166.210894000
  166.571417000
  168.978353000
  173.566844000
  174.460086000
  175.418919000
  179.207027000
  180.470645000
  181.211491000
  183.990622000
  184.478694000
  185.427872000
  188.322603000
  189.460265000
  194.009329000
  194.741378000
  208.480884000
  211.722522000
  212.229366000
  220.486985000
  221.641251000
  221.700554000
  234.316766000
  239.242868000
  243.173653000
  244.922208000
  250.587296000
  260.667468000
  535.477838000
  538.612607000
  549.414039000
  559.699736000
  563.132154000
  563.233641000
  574.736072000
  575.332017000
  577.946237000
  585.313489000
  592.342074000
  598.627128000
  602.309467000
  609.592647000
  616.226423000
  621.289439000
  623.021752000
  636.367718000
  637.750882000
  640.792847000
  643.985324000
  645.556206000
  653.037313000
  661.943364000
  675.063619000
  699.255353000
  704.108059000
  722.033106000
  740.529316000
  741.964067000
  759.296622000
  780.490203000
  780.616888000
  791.629486000
  792.052398000
  810.891203000
  818.497650000
  821.754562000
  842.681834000
  847.153841000
  852.261756000
  854.143563000
  865.141464000
  896.123361000
  902.449182000
  911.208734000
  930.331400000
  969.515926000
 1591.231872000
 1596.262043000
 1607.534905000
 1610.605182000
 1614.413114000
 1623.329857000
 1639.916370000
 1644.678314000
 1649.262166000
 1655.792972000
 1662.356035000
 1670.286909000
 1673.448939000
 1678.635118000
 1689.610933000
 1701.302982000
 3326.205851000
 3328.186204000
 3361.967838000
 3363.296094000
 3367.763923000
 3369.074117000
 3373.880259000
 3375.177489000
 3376.340367000
 3377.373500000
 3391.208479000
 3392.492306000
 3392.797698000
 3393.858197000
 3430.564819000
 3433.503760000
 3435.920646000
 3436.555348000
 3448.782637000
 3465.915075000
 3466.726609000
 3467.943479000
 3469.052940000
 3475.064702000
 3478.374705000
 3479.200892000
 3481.413297000
 3483.835767000
 3490.066061000
 3493.231999000
 3495.556658000
 3498.176205000


 P=      10.0000 V=    1664.3959 E=    -550.725472080
    0.000000000    0.000000000    0.000000000
   -0.220433000
   -0.169081000
   -0.166839000
  155.071627000
  156.860779000
  157.656733000
  159.273600000
  166.003817000
  178.441580000
  225.214459000
  227.605371000
  232.512865000
  246.577752000
  247.669701000
  254.409809000
  258.452465000
  259.916886000
  260.450648000
  264.201019000
  264.538992000
  265.003402000
  266.029299000
  267.158612000
  268.595115000
  269.940545000
  270.197729000
  277.192408000
  277.460692000
  280.075650000
  283.105465000
  288.287847000
  300.102569000
  304.102744000
  308.111911000
  316.939434000
  319.878447000
  345.629706000
  348.311184000
  348.926454000
  370.319508000
  377.043575000
  377.799976000
  387.652475000
  391.142175000
  406.791133000
  408.993326000
  417.249424000
  420.219819000
  695.607704000
  698.900930000
  706.425572000
  736.139149000
  739.018173000
  740.245870000
  762.183391000
  763.612961000
  766.219495000
  774.593658000
  781.330595000
  788.875089000
  791.632818000
  795.512309000
  799.597674000
  810.667329000
  811.030797000
  814.292154000
  820.649398000
  827.464457000
  828.768819000
  834.157419000
  836.383524000
  846.002854000
  863.361247000
  892.117362000
  900.568998000
  916.402497000
  942.257169000
  956.499720000
  965.185826000
  991.630001000
  992.389111000
 1001.901820000
 1006.461498000
 1032.038402000
 1035.133892000
 1037.629710000
 1061.798576000
 1063.896965000
 1072.980276000
 1075.208163000
 1088.579853000
 1122.007692000
 1128.014367000
 1137.000555000
 1159.759658000
 1206.524476000
 1603.748555000
 1612.328185000
 1630.123344000
 1631.816059000
 1639.940742000
 1650.264233000
 1667.293307000
 1678.948365000
 1682.264847000
 1692.525006000
 1699.757377000
 1710.535748000
 1715.275428000
 1720.538118000
 1751.135024000
 1769.219045000
 3019.468768000
 3023.568688000
 3059.841331000
 3061.455870000
 3071.996473000
 3074.032147000
 3086.402663000
 3088.298548000
 3092.407254000
 3094.353201000
 3094.753496000
 3096.341630000
 3096.753444000
 3097.964291000
 3125.983090000
 3126.425713000
 3126.616119000
 3127.558379000
 3261.676099000
 3264.944019000
 3265.361594000
 3270.229124000
 3272.235892000
 3283.735198000
 3285.078350000
 3287.343010000
 3290.014149000
 3293.636267000
 3301.830145000
 3304.261124000
 3312.887699000
 3354.080790000


 P=      30.0000 V=    1361.5749 E=    -550.336352890
    0.000000000    0.000000000    0.000000000
   -0.096766000
   -0.094819000
   -0.080792000
  189.622695000
  191.298864000
  191.707058000
  194.495387000
  200.510134000
  212.704804000
  325.886210000
  328.130304000
  328.235698000
  334.348594000
  336.742824000
  341.407003000
  342.324522000
  343.435653000
  353.308368000
  355.652994000
  356.551931000
  357.085702000
  359.388027000
  365.585125000
  367.608180000
  369.718437000
  373.244650000
  382.869517000
  383.488843000
  393.918322000
  395.826396000
  397.652034000
  409.313690000
  418.666070000
  430.496856000
  449.179762000
  466.425027000
  482.790196000
  488.782690000
  489.603918000
  515.831859000
  528.434979000
  530.905634000
  535.308516000
  544.122014000
  568.054286000
  574.318410000
  583.146333000
  588.889649000
  841.571516000
  844.627778000
  847.993972000
  903.316329000
  905.199336000
  905.485386000
  939.297748000
  940.371151000
  945.787847000
  949.061018000
  953.695368000
  964.294825000
  966.770513000
  971.085263000
  974.371244000
  978.262796000
  982.722437000
  989.925453000
  992.746208000
  998.887969000
 1005.636975000
 1007.728627000
 1009.777455000
 1023.114557000
 1039.744274000
 1067.158340000
 1081.923187000
 1089.082732000
 1121.173397000
 1147.748959000
 1151.378150000
 1190.313315000
 1191.518536000
 1196.080045000
 1203.307265000
 1234.307728000
 1236.828388000
 1238.456868000
 1260.523521000
 1263.727176000
 1276.753208000
 1277.280076000
 1293.651811000
 1326.254371000
 1335.697084000
 1345.661144000
 1372.762660000
 1413.586504000
 1621.578065000
 1631.091130000
 1657.301979000
 1658.586591000
 1668.584976000
 1680.814285000
 1698.171848000
 1715.175170000
 1716.717334000
 1729.156468000
 1740.594490000
 1751.377230000
 1759.821921000
 1763.809590000
 1830.775666000
 1852.433763000
 2598.242988000
 2601.891641000
 2640.280604000
 2641.735173000
 2655.700860000
 2658.300801000
 2672.715700000
 2673.320924000
 2677.584627000
 2677.915196000
 2679.144425000
 2679.871143000
 2683.193405000
 2684.066079000
 2706.242244000
 2706.996808000
 2708.428099000
 2709.586482000
 3035.984821000
 3039.209507000
 3039.257808000
 3043.842156000
 3048.554882000
 3058.158254000
 3090.153760000
 3090.364749000
 3096.086548000
 3100.362110000
 3107.384218000
 3110.948115000
 3113.914536000
 3233.158826000


 P=      50.0000 V=    1214.9038 E=    -549.940611640
    0.000000000    0.000000000    0.000000000
   -0.134381000
   -0.123452000
   -0.106268000
  211.620527000
  212.936864000
  213.186066000
  215.930005000
  220.798686000
  231.966655000
  374.253479000
  375.828478000
  378.604354000
  380.911804000
  385.156750000
  391.017009000
  397.410205000
  399.992680000
  411.707600000
  416.673618000
  416.897488000
  422.889958000
  424.833527000
  435.247311000
  441.613008000
  445.666425000
  449.372254000
  452.979664000
  458.331457000
  469.528759000
  469.913893000
  476.529433000
  485.733058000
  496.979280000
  516.350705000
  549.475790000
  572.289511000
  581.490850000
  590.022511000
  591.347004000
  615.246070000
  632.058468000
  635.406358000
  638.249964000
  651.397116000
  683.399744000
  691.655781000
  699.006968000
  710.185968000
  939.122184000
  941.169294000
  943.816837000
 1015.880951000
 1016.321855000
 1017.925259000
 1060.821362000
 1061.285469000
 1066.241958000
 1067.324638000
 1073.207726000
 1082.196310000
 1082.355657000
 1088.149290000
 1089.956125000
 1090.369318000
 1096.928318000
 1104.719229000
 1109.721623000
 1115.579790000
 1124.634809000
 1126.940399000
 1134.045204000
 1148.311440000
 1162.730840000
 1183.970184000
 1193.515245000
 1206.137561000
 1233.431570000
 1261.091286000
 1277.130947000
 1317.150142000
 1322.593579000
 1332.381113000
 1334.691957000
 1368.655765000
 1373.661579000
 1375.009081000
 1391.116034000
 1397.770405000
 1410.595845000
 1412.318399000
 1428.936506000
 1457.131335000
 1470.367613000
 1479.529603000
 1514.053477000
 1539.405145000
 1640.956500000
 1647.115365000
 1680.006005000
 1680.890074000
 1689.310039000
 1703.535342000
 1718.610227000
 1737.589281000
 1739.411098000
 1751.350663000
 1768.616133000
 1776.386745000
 1788.829174000
 1791.643190000
 1899.235378000
 1919.514882000
 2202.128520000
 2204.553149000
 2255.850145000
 2256.703860000
 2264.899146000
 2270.190805000
 2277.751873000
 2278.243649000
 2280.302225000
 2284.560044000
 2297.685105000
 2298.984389000
 2309.063642000
 2309.622228000
 2321.170170000
 2323.871485000
 2325.899615000
 2328.413116000
 2851.806587000
 2854.685294000
 2865.398166000
 2865.724763000
 2866.568507000
 2872.954615000
 2936.239673000
 2940.702706000
 2952.657087000
 2954.988801000
 2957.877089000
 2960.242567000
 2965.381179000
 3146.552885000


 P=      70.0000 V=    1119.5121 E=    -549.552319430
    0.000000000    0.000000000    0.000000000
   -0.133329000
   -0.120044000
   -0.102933000
  226.874103000
  227.651308000
  227.814945000
  229.733810000
  233.127512000
  240.724099000
  400.096539000
  402.295863000
  406.902953000
  408.027401000
  413.385394000
  425.018680000
  427.973896000
  434.200563000
  441.924223000
  460.528400000
  463.359670000
  473.468235000
  474.067048000
  491.742816000
  500.093668000
  505.348363000
  508.171407000
  511.249032000
  522.300161000
  526.193484000
  529.915483000
  539.567197000
  546.030046000
  557.242561000
  583.359064000
  635.357170000
  660.265284000
  663.881419000
  674.893219000
  675.086223000
  695.361564000
  712.459528000
  718.060250000
  720.570871000
  740.300934000
  778.582658000
  788.508899000
  795.995954000
  812.510689000
 1017.322051000
 1018.449423000
 1020.247978000
 1107.557748000
 1107.686403000
 1108.248445000
 1157.238661000
 1160.180913000
 1163.004141000
 1165.792379000
 1168.233327000
 1173.464688000
 1175.176009000
 1179.387582000
 1180.027810000
 1180.212357000
 1187.228502000
 1191.576040000
 1207.603642000
 1209.249921000
 1219.183978000
 1223.784720000
 1233.297383000
 1248.426991000
 1261.941335000
 1276.825071000
 1276.924417000
 1296.138831000
 1315.316063000
 1343.228562000
 1363.825933000
 1400.297556000
 1400.746843000
 1447.136066000
 1450.155297000
 1479.299836000
 1480.656256000
 1485.529046000
 1491.329792000
 1502.192645000
 1513.959136000
 1519.157017000
 1532.166804000
 1554.979205000
 1567.882278000
 1571.463600000
 1615.273218000
 1615.747781000
 1663.562311000
 1664.011821000
 1693.382170000
 1695.545476000
 1701.325255000
 1711.662973000
 1730.677721000
 1749.236641000
 1749.413775000
 1759.590368000
 1769.575281000
 1783.475486000
 1790.498755000
 1798.468557000
 1801.412699000
 1810.884448000
 1839.944517000
 1843.480864000
 1857.472381000
 1859.548111000
 1876.537523000
 1881.280344000
 1884.544659000
 1885.425958000
 1888.026705000
 1897.909003000
 1907.757221000
 1909.271809000
 1922.610539000
 1924.660535000
 1928.839272000
 1930.691522000
 1968.760494000
 1984.279510000
 2689.270384000
 2689.560053000
 2693.584899000
 2696.395965000
 2697.238747000
 2703.062399000
 2809.373671000
 2810.750392000
 2815.940054000
 2818.647531000
 2821.141461000
 2827.287829000
 2829.395615000
 3070.788706000
 weight
 0.0 0.0 0.0 1.0
