

 #v,#q,#freq,#unit
 6, 1, 144,16
 P=      -1.0000 V=    2283.9776 E=    -550.868833090
    0.000000000    0.000000000    0.000000000
   -0.677228000
   -0.597270000
   -0.464650000
   50.442504000
   93.301748000
   93.806861000
   94.699834000
  108.622927000
  108.988817000
  110.830419000
  111.097274000
  111.862402000
  112.443011000
  115.810153000
  126.599221000
  134.189927000
  138.067929000
  138.260267000
  138.760597000
  145.262924000
  145.391651000
  157.569448000
  157.916549000
  158.023676000
  160.126526000
  163.103210000
  163.115232000
  164.043943000
  168.774218000
  171.608757000
  171.762004000
  174.957899000
  175.925942000
  177.209639000
  177.214017000
  179.211550000
  186.649569000
  186.782370000
  186.825200000
  195.280989000
  210.088573000
  210.699655000
  210.893937000
  219.561894000
  231.748464000
  231.875908000
  234.301842000
  236.380332000
  518.284168000
  520.986548000
  520.987874000
  543.998629000
  544.232230000
  556.541057000
  561.211990000
  564.789952000
  569.585382000
  573.657702000
  573.842596000
  575.752182000
  586.885028000
  600.904922000
  600.934639000
  603.670324000
  611.471454000
  628.029370000
  631.132607000
  633.865534000
  642.353536000
  642.390400000
  662.227041000
  662.245229000
  679.516638000
  679.526332000
  683.651931000
  693.198492000
  722.603047000
  735.402581000
  735.828015000
  736.001892000
  753.525440000
  782.532380000
  794.888620000
  796.053657000
  796.071174000
  802.463728000
  802.490311000
  815.129416000
  840.128725000
  840.380844000
  850.219181000
  863.523352000
  878.611752000
  884.299999000
  884.435320000
  888.339584000
 1601.949499000
 1607.952054000
 1610.877663000
 1622.398729000
 1622.458895000
 1623.308981000
 1644.114533000
 1644.198208000
 1650.870755000
 1650.935867000
 1667.026407000
 1667.040068000
 1667.075667000
 1667.719398000
 1670.055890000
 1694.439933000
 3341.757375000
 3343.404658000
 3359.827398000
 3359.829393000
 3373.751212000
 3375.137844000
 3380.630034000
 3381.410676000
 3399.126200000
 3399.154202000
 3411.711720000
 3412.249581000
 3419.279815000
 3419.853863000
 3429.819831000
 3439.346873000
 3458.090860000
 3458.865969000
 3464.620976000
 3465.171828000
 3468.547531000
 3469.088013000
 3474.705510000
 3489.700363000
 3489.774828000
 3490.217817000
 3500.202098000
 3501.033725000
 3507.376954000
 3507.684481000
 3515.242828000
 3515.283979000


 P=       0.0000 V=    2187.5311 E=    -550.868683840
    0.000000000    0.000000000    0.000000000
   -0.504738000
   -0.394614000
   -0.311216000
   74.634601000
  108.070747000
  111.227582000
  111.246245000
  114.453230000
  115.826589000
  116.593183000
  117.336517000
  118.119123000
  120.049878000
  127.995845000
  137.631437000
  146.626733000
  149.743571000
  150.001563000
  156.295686000
  159.472340000
  159.691386000
  170.504838000
  171.202268000
  171.318882000
  175.149846000
  177.393925000
  177.705438000
  177.750256000
  177.780015000
  183.231860000
  183.381089000
  185.217208000
  186.932924000
  188.759784000
  192.955788000
  193.051423000
  201.741827000
  201.849222000
  206.416741000
  213.610398000
  230.775695000
  231.313099000
  233.299542000
  242.196158000
  251.784262000
  251.927162000
  256.069827000
  256.908447000
  523.422193000
  525.657806000
  525.689556000
  551.075324000
  551.155894000
  564.738064000
  568.042797000
  569.721676000
  579.331722000
  583.729486000
  583.805917000
  588.804320000
  593.733792000
  611.236959000
  611.372884000
  613.100155000
  617.771600000
  642.755265000
  643.045105000
  643.680572000
  654.210219000
  654.279389000
  673.765212000
  673.785235000
  692.598956000
  692.626209000
  696.486795000
  707.647609000
  737.888069000
  749.720150000
  749.857698000
  751.395804000
  771.536842000
  799.197760000
  811.074535000
  813.630638000
  813.649357000
  819.884310000
  819.962674000
  835.832419000
  861.507423000
  861.690809000
  869.239401000
  886.341191000
  898.147646000
  906.556245000
  906.683330000
  909.533443000
 1602.043214000
 1608.024055000
 1610.955190000
 1623.017511000
 1623.031909000
 1623.748204000
 1646.292036000
 1646.332354000
 1653.219450000
 1653.266221000
 1670.475497000
 1670.490050000
 1670.518864000
 1671.485557000
 1673.344442000
 1700.912709000
 3324.683843000
 3326.616748000
 3341.289512000
 3341.402511000
 3361.862534000
 3362.566625000
 3365.402847000
 3367.531947000
 3392.679781000
 3392.736266000
 3401.363615000
 3402.018218000
 3405.601862000
 3406.495273000
 3416.432839000
 3425.124457000
 3446.925952000
 3448.126353000
 3456.862693000
 3457.603973000
 3466.313848000
 3467.194121000
 3474.005504000
 3481.226408000
 3481.335517000
 3493.087617000
 3495.006329000
 3496.811621000
 3503.596464000
 3506.428380000
 3514.442822000
 3514.583184000


 P=      10.0000 V=    1664.2272 E=    -550.724207190
    0.000000000    0.000000000    0.000000000
   -0.205466000
   -0.200314000
   -0.192231000
  151.937086000
  156.554126000
  158.344584000
  158.462691000
  158.847291000
  160.418060000
  214.668351000
  247.600477000
  247.802450000
  249.182161000
  250.362811000
  251.444794000
  258.385363000
  258.783267000
  259.000752000
  262.563259000
  262.717774000
  267.001214000
  267.564342000
  267.700444000
  267.936735000
  268.675479000
  273.525147000
  274.693890000
  275.135220000
  276.142745000
  276.200269000
  291.451569000
  306.562737000
  306.571297000
  307.030499000
  316.469481000
  316.474246000
  320.602611000
  320.672661000
  356.860620000
  357.803798000
  394.944919000
  395.056230000
  398.745019000
  400.564370000
  400.660543000
  410.680998000
  414.764894000
  424.154598000
  692.556620000
  692.582552000
  695.593690000
  736.307884000
  736.372701000
  753.784139000
  765.307499000
  768.810250000
  779.074278000
  781.309307000
  781.326709000
  788.819428000
  789.405385000
  791.631188000
  810.616057000
  810.665316000
  821.316537000
  824.080130000
  828.149260000
  834.596321000
  834.931216000
  839.729642000
  865.863097000
  865.986360000
  888.886148000
  890.986112000
  891.106550000
  898.218151000
  930.142106000
  947.438989000
  962.869899000
  962.873385000
  968.047885000
 1022.081318000
 1029.042063000
 1029.242075000
 1039.289681000
 1039.592801000
 1039.651529000
 1042.843819000
 1084.399542000
 1084.513582000
 1088.901798000
 1120.019872000
 1127.189224000
 1136.667994000
 1139.907648000
 1139.983384000
 1618.368592000
 1627.506252000
 1629.488993000
 1651.732294000
 1651.777663000
 1655.445743000
 1680.823180000
 1680.899599000
 1691.428113000
 1691.592260000
 1712.425369000
 1713.181698000
 1713.227046000
 1718.571782000
 1737.625699000
 1773.231100000
 3021.446256000
 3025.581684000
 3060.947918000
 3064.148693000
 3067.277635000
 3067.671456000
 3067.930038000
 3068.349545000
 3071.339486000
 3074.434114000
 3122.656393000
 3122.995757000
 3123.013904000
 3123.654237000
 3123.902255000
 3124.179612000
 3124.279825000
 3124.938902000
 3244.068501000
 3244.077168000
 3244.390196000
 3244.429638000
 3281.229430000
 3286.923278000
 3290.261144000
 3298.063231000
 3298.188198000
 3299.610421000
 3299.856083000
 3307.418265000
 3311.269374000
 3354.568329000


 P=      30.0000 V=    1360.4341 E=    -550.333025840
    0.000000000    0.000000000    0.000000000
   -0.105494000
   -0.098584000
   -0.089576000
  186.563977000
  192.702127000
  193.173027000
  193.927569000
  194.773902000
  195.567272000
  321.733602000
  337.448168000
  339.741633000
  342.880115000
  343.020440000
  343.468157000
  344.525010000
  346.952115000
  347.747059000
  349.362922000
  353.517629000
  360.598373000
  361.452661000
  365.498069000
  367.076758000
  373.150698000
  378.880682000
  381.325822000
  387.946749000
  389.011489000
  392.298617000
  394.985239000
  427.086182000
  429.568524000
  438.173521000
  438.303530000
  440.061269000
  441.787177000
  452.760900000
  497.991235000
  508.569709000
  553.790703000
  554.102891000
  558.121877000
  558.163650000
  563.884164000
  571.542373000
  586.384742000
  591.694906000
  842.523644000
  842.972522000
  847.318609000
  907.231549000
  908.341063000
  917.376889000
  948.402399000
  952.035826000
  961.933102000
  964.705939000
  965.489899000
  967.774105000
  969.153213000
  974.550241000
  990.108115000
  990.401085000
  991.199548000
  998.520585000
  999.769078000
 1000.857332000
 1004.018799000
 1025.619949000
 1045.276383000
 1046.162382000
 1065.660820000
 1066.736689000
 1066.990499000
 1071.434316000
 1103.269976000
 1123.053543000
 1145.526755000
 1145.947271000
 1161.494535000
 1222.638225000
 1236.360674000
 1236.802407000
 1240.366675000
 1243.955195000
 1244.201544000
 1246.841813000
 1287.959384000
 1289.954267000
 1291.158027000
 1316.876918000
 1332.850163000
 1345.635857000
 1351.741349000
 1353.932904000
 1637.459039000
 1650.398053000
 1650.784646000
 1686.000364000
 1686.753963000
 1691.453211000
 1716.658299000
 1717.302167000
 1729.066133000
 1729.971116000
 1753.992131000
 1755.328986000
 1755.378934000
 1766.054502000
 1822.295254000
 1859.731471000
 2588.299000000
 2595.456429000
 2627.211817000
 2629.676655000
 2637.062292000
 2639.649828000
 2646.140944000
 2648.372025000
 2652.592956000
 2655.269164000
 2692.436707000
 2693.477994000
 2694.843271000
 2695.368420000
 2695.439246000
 2698.312426000
 2699.851016000
 2700.453793000
 3024.094468000
 3025.256991000
 3025.926851000
 3026.260099000
 3046.676666000
 3051.890715000
 3083.965274000
 3089.001875000
 3094.101297000
 3098.736484000
 3103.102796000
 3103.113794000
 3110.387441000
 3229.670567000


 P=      50.0000 V=    1213.6258 E=    -549.935935850
    0.000000000    0.000000000    0.000000000
   -0.165361000
   -0.138991000
   -0.114455000
  209.175040000
  214.675004000
  215.034439000
  215.106017000
  216.282507000
  216.384711000
  375.718691000
  385.468306000
  386.267258000
  388.676910000
  388.761824000
  393.305951000
  400.461761000
  401.088738000
  401.334260000
  406.523047000
  422.708066000
  428.493937000
  428.645193000
  434.956955000
  435.472136000
  438.811611000
  449.398384000
  460.806020000
  467.775349000
  472.523213000
  472.719499000
  477.361790000
  508.854452000
  509.426441000
  523.227574000
  523.390022000
  524.623055000
  524.832469000
  561.710918000
  588.000712000
  618.777628000
  664.976971000
  664.982258000
  672.327346000
  672.331514000
  679.087141000
  686.775209000
  705.535417000
  709.141321000
  942.759550000
  942.879405000
  946.791814000
 1021.826439000
 1022.418210000
 1028.821255000
 1072.414646000
 1077.838258000
 1082.130898000
 1085.487654000
 1088.003484000
 1089.457615000
 1089.651987000
 1093.372305000
 1103.104523000
 1108.411289000
 1108.664768000
 1111.031311000
 1113.685909000
 1119.938660000
 1120.817658000
 1157.375373000
 1167.870873000
 1168.165035000
 1181.134652000
 1184.615000000
 1184.793853000
 1188.388563000
 1213.791214000
 1233.939595000
 1264.562668000
 1267.132745000
 1284.624812000
 1359.237289000
 1375.748242000
 1376.664963000
 1378.484534000
 1382.654868000
 1383.227109000
 1388.045544000
 1418.062477000
 1422.244145000
 1425.587050000
 1436.674876000
 1468.141905000
 1484.439252000
 1492.304152000
 1492.799139000
 1651.543225000
 1664.727451000
 1667.966226000
 1713.020553000
 1714.129381000
 1718.061633000
 1738.846933000
 1739.599465000
 1753.185495000
 1754.069343000
 1776.984279000
 1781.610491000
 1781.838374000
 1798.487788000
 1897.292152000
 1926.014060000
 2187.386894000
 2191.847364000
 2229.902297000
 2233.873424000
 2235.788024000
 2244.821417000
 2246.439688000
 2250.090971000
 2256.377092000
 2256.713745000
 2296.792839000
 2299.061878000
 2299.563530000
 2300.993110000
 2302.250247000
 2303.307859000
 2304.858950000
 2308.738620000
 2840.641321000
 2840.873519000
 2847.318729000
 2847.776067000
 2859.858713000
 2861.578473000
 2930.573712000
 2931.279137000
 2940.355370000
 2941.804781000
 2949.898086000
 2950.638139000
 2951.952286000
 3138.997486000


 P=      70.0000 V=    1118.3458 E=    -549.546461690
    0.000000000    0.000000000    0.000000000
   -0.155347000
   -0.138709000
   -0.113850000
  225.619154000
  230.008959000
  230.171206000
  230.207671000
  230.655535000
  231.218982000
  404.184358000
  411.527710000
  412.316921000
  415.900148000
  415.912410000
  426.693660000
  429.507942000
  429.806915000
  431.825087000
  449.474513000
  479.328463000
  479.844087000
  479.966363000
  483.739640000
  484.422569000
  492.749763000
  497.732491000
  517.886544000
  526.690624000
  540.298064000
  540.433099000
  542.268493000
  567.115748000
  567.390178000
  593.550114000
  593.594981000
  594.124988000
  594.302513000
  648.405873000
  655.819216000
  714.182682000
  759.029035000
  759.311204000
  766.974024000
  767.173709000
  773.892396000
  785.090455000
  796.185510000
  812.948072000
 1021.924349000
 1022.011049000
 1024.525155000
 1112.647432000
 1112.719791000
 1116.344653000
 1169.820572000
 1172.038738000
 1177.128333000
 1180.177137000
 1182.521562000
 1182.702287000
 1184.888460000
 1189.022128000
 1191.820908000
 1194.147214000
 1194.216998000
 1198.165257000
 1200.445469000
 1221.669576000
 1222.113064000
 1260.816752000
 1264.790136000
 1264.937697000
 1272.412901000
 1275.878419000
 1275.901098000
 1280.938537000
 1298.274781000
 1313.705115000
 1350.815797000
 1351.814991000
 1374.702777000
 1465.043468000
 1485.821243000
 1489.912307000
 1490.568079000
 1493.269633000
 1493.379375000
 1500.493547000
 1519.583072000
 1520.154465000
 1525.028014000
 1532.855005000
 1567.763983000
 1586.935834000
 1594.809474000
 1595.212344000
 1657.899802000
 1661.849557000
 1680.489950000
 1728.582463000
 1728.742216000
 1736.005857000
 1746.880293000
 1747.180313000
 1751.399965000
 1760.990420000
 1765.358939000
 1765.368335000
 1776.131759000
 1785.504564000
 1786.337830000
 1795.132666000
 1807.123756000
 1817.626791000
 1819.952785000
 1831.775175000
 1836.854968000
 1850.676263000
 1851.986119000
 1868.523258000
 1878.254449000
 1886.571564000
 1887.183496000
 1889.251344000
 1891.285626000
 1897.706983000
 1900.259556000
 1901.637051000
 1969.851173000
 1991.387638000
 2671.522507000
 2672.047331000
 2678.460651000
 2678.549725000
 2685.030031000
 2687.025592000
 2796.217707000
 2796.354015000
 2804.116560000
 2804.620531000
 2810.784032000
 2810.955866000
 2811.404223000
 3060.088588000
 weight
 0.0 0.0 0.0 1.0
