

 #v,#q,#freq,#unit
 6, 1, 144,16
 P=      -1.0000 V=    2295.4735 E=    -550.872766380
    0.000000000    0.000000000    0.000000000
   -0.321446000
   -0.306342000
   -0.268597000
   68.105201000
   79.033762000
   84.093247000
   99.496448000
  107.137052000
  112.215733000
  112.599199000
  115.607243000
  117.758298000
  121.065759000
  121.992480000
  123.976395000
  133.054148000
  137.467655000
  137.612764000
  147.186107000
  150.567177000
  153.201816000
  155.334516000
  156.265891000
  157.704371000
  158.362270000
  160.872649000
  161.076929000
  164.192375000
  166.343441000
  167.253179000
  169.585607000
  169.810041000
  170.814350000
  173.705981000
  174.429806000
  175.272896000
  179.558661000
  186.457040000
  192.358528000
  197.168390000
  201.569215000
  205.666160000
  210.300946000
  210.537539000
  213.837977000
  218.915417000
  227.312590000
  237.935657000
  516.746082000
  518.562261000
  521.183816000
  530.515938000
  536.632664000
  543.134262000
  544.970426000
  551.252182000
  557.435404000
  564.626454000
  567.300250000
  572.967722000
  575.721064000
  585.622926000
  593.920237000
  597.009104000
  606.543110000
  610.175298000
  613.045686000
  615.896501000
  624.565435000
  629.280852000
  633.441628000
  636.939975000
  640.959515000
  674.439762000
  682.021468000
  698.245937000
  711.920525000
  712.570924000
  742.220353000
  753.223299000
  758.538678000
  768.028704000
  783.195297000
  788.364643000
  803.802636000
  806.284391000
  811.884084000
  815.378461000
  831.518691000
  838.717335000
  842.169530000
  847.821640000
  886.810412000
  894.500944000
  899.620206000
  949.676674000
 1579.591402000
 1599.171557000
 1608.179310000
 1612.000726000
 1620.080647000
 1622.527643000
 1632.029064000
 1640.309236000
 1642.483182000
 1653.058278000
 1653.852201000
 1657.429982000
 1658.777449000
 1663.943635000
 1682.669117000
 1692.037466000
 3355.829250000
 3359.367398000
 3381.944878000
 3389.204917000
 3391.890845000
 3393.431812000
 3400.813287000
 3403.457226000
 3403.831555000
 3408.869311000
 3409.548447000
 3413.934656000
 3416.037876000
 3418.324688000
 3453.818288000
 3459.990734000
 3461.744039000
 3463.220381000
 3469.790057000
 3483.145589000
 3487.679072000
 3490.029812000
 3490.771563000
 3494.893085000
 3495.979300000
 3498.639910000
 3500.606133000
 3504.142821000
 3508.770191000
 3510.454614000
 3513.504050000
 3520.479624000


 P=       0.0000 V=    2188.6722 E=    -550.873395150
    0.000000000    0.000000000    0.000000000
   -0.290729000
   -0.277829000
   -0.234507000
   90.973567000
  100.607556000
  104.446696000
  115.093362000
  117.644161000
  120.564869000
  121.566621000
  126.699797000
  126.901129000
  127.471889000
  129.884371000
  136.711449000
  147.876874000
  151.924034000
  152.578331000
  163.247812000
  165.526718000
  168.148464000
  169.627945000
  170.738785000
  172.462357000
  173.302653000
  174.706777000
  175.466346000
  178.183965000
  179.401212000
  180.846857000
  182.236806000
  183.073969000
  185.083193000
  188.557991000
  189.753432000
  191.318368000
  195.253466000
  204.636883000
  211.248152000
  219.539615000
  224.081301000
  228.208054000
  231.783096000
  234.012149000
  234.662031000
  242.309646000
  249.341752000
  260.661879000
  527.110613000
  529.657778000
  531.134802000
  540.191943000
  547.672378000
  555.388142000
  556.961312000
  563.780042000
  570.848963000
  578.606460000
  581.515302000
  586.304080000
  589.544453000
  600.401821000
  608.942309000
  610.840178000
  622.309039000
  625.336589000
  630.009749000
  632.705166000
  639.452111000
  646.979429000
  649.974096000
  654.256521000
  657.921594000
  693.312666000
  699.397967000
  716.804547000
  731.518639000
  732.283625000
  762.724170000
  774.645218000
  780.203590000
  789.968763000
  804.599911000
  810.824999000
  826.282377000
  829.569023000
  835.544473000
  839.087994000
  855.987705000
  863.819787000
  865.870480000
  873.072217000
  913.549249000
  921.715787000
  927.750090000
  977.530526000
 1578.500461000
 1599.539928000
 1609.174029000
 1613.240533000
 1621.969948000
 1624.688906000
 1634.571424000
 1643.342715000
 1645.487226000
 1656.396710000
 1657.677010000
 1661.407574000
 1662.961282000
 1667.904353000
 1688.970669000
 1699.152670000
 3334.712007000
 3339.168124000
 3361.798565000
 3371.094170000
 3373.493301000
 3374.558692000
 3382.233402000
 3384.509407000
 3388.597518000
 3393.602703000
 3394.208864000
 3397.770955000
 3401.420239000
 3405.734669000
 3437.632685000
 3440.835378000
 3442.219095000
 3443.492355000
 3458.793796000
 3473.564986000
 3475.030794000
 3476.821149000
 3479.281184000
 3482.643847000
 3483.529305000
 3488.508307000
 3490.194786000
 3493.739652000
 3498.435503000
 3501.559276000
 3503.606767000
 3512.489324000


 P=      10.0000 V=    1664.6947 E=    -550.728054860
    0.000000000    0.000000000    0.000000000
   -0.195511000
   -0.189415000
   -0.137629000
  157.198618000
  159.020031000
  161.696315000
  165.223726000
  167.000303000
  171.562412000
  224.651151000
  230.773892000
  232.080350000
  246.080812000
  248.830999000
  253.762346000
  255.922337000
  257.387144000
  261.573691000
  263.065029000
  264.441191000
  266.045760000
  266.418359000
  267.341281000
  267.958187000
  270.984295000
  273.399657000
  274.260700000
  285.074087000
  288.042895000
  290.290538000
  294.153387000
  296.980088000
  301.650356000
  306.277528000
  309.381327000
  315.269366000
  318.441156000
  340.736540000
  350.744637000
  376.064902000
  379.373565000
  383.710991000
  390.838695000
  391.270044000
  403.449218000
  405.770861000
  414.259915000
  428.391871000
  697.993007000
  703.262364000
  707.774939000
  722.754843000
  732.742307000
  749.295175000
  753.540338000
  755.683003000
  760.405197000
  769.554429000
  777.071343000
  781.085114000
  784.266601000
  790.163509000
  798.802655000
  809.253265000
  814.584944000
  816.280790000
  821.836025000
  829.158674000
  832.601796000
  834.643898000
  844.086985000
  846.697028000
  848.531529000
  888.739718000
  897.137958000
  920.933637000
  938.237166000
  944.675883000
  976.251860000
  987.748812000
  996.704610000
 1009.160447000
 1019.409497000
 1026.342119000
 1047.184055000
 1052.871154000
 1061.003613000
 1066.090514000
 1080.671726000
 1087.453499000
 1092.324750000
 1100.540979000
 1145.106010000
 1157.568463000
 1164.955486000
 1222.976242000
 1579.999902000
 1612.161186000
 1625.200316000
 1636.199393000
 1646.821816000
 1648.670394000
 1664.130119000
 1675.750616000
 1680.595228000
 1694.171680000
 1695.424498000
 1697.844224000
 1701.757038000
 1710.161326000
 1749.647140000
 1771.330745000
 3021.626997000
 3025.868559000
 3055.974313000
 3067.130180000
 3070.042321000
 3082.229084000
 3087.147858000
 3088.757193000
 3091.042924000
 3092.608789000
 3098.400817000
 3100.985617000
 3102.713207000
 3104.046189000
 3127.681061000
 3129.003454000
 3129.907773000
 3132.604960000
 3263.124054000
 3263.636771000
 3271.291759000
 3273.024450000
 3275.480083000
 3281.295968000
 3286.633220000
 3290.369125000
 3293.330725000
 3295.063307000
 3302.848891000
 3307.432740000
 3318.535703000
 3356.766172000


 P=      30.0000 V=    1361.2247 E=    -550.337384590
    0.000000000    0.000000000    0.000000000
   -0.103286000
   -0.095233000
   -0.069997000
  192.286608000
  193.671848000
  196.794566000
  198.543973000
  200.980761000
  206.027491000
  325.384291000
  329.798618000
  331.347450000
  334.554058000
  336.800937000
  338.370153000
  343.466169000
  344.248831000
  349.955221000
  352.938326000
  353.917418000
  360.207453000
  361.666586000
  365.144297000
  368.179412000
  373.154045000
  379.868168000
  382.560042000
  392.862811000
  398.406558000
  402.346359000
  408.909225000
  413.493814000
  417.259448000
  433.783370000
  438.183296000
  439.399435000
  452.267212000
  479.048727000
  493.366860000
  520.096679000
  530.716891000
  538.084616000
  547.269341000
  549.711103000
  565.834415000
  571.812227000
  583.249064000
  594.452762000
  843.757338000
  848.512585000
  852.738229000
  894.775423000
  901.685952000
  914.815805000
  926.311448000
  934.768130000
  937.720977000
  945.220001000
  953.123421000
  958.743367000
  963.126699000
  964.517922000
  972.469641000
  981.872982000
  986.018202000
  989.261462000
  993.375022000
 1008.209138000
 1010.642232000
 1014.390983000
 1019.224835000
 1026.365996000
 1032.427678000
 1066.447874000
 1079.549609000
 1105.673093000
 1124.422404000
 1138.294272000
 1166.650459000
 1186.480434000
 1192.238354000
 1207.682025000
 1215.372533000
 1223.563476000
 1245.566025000
 1256.496651000
 1260.837520000
 1272.778085000
 1280.693266000
 1292.322958000
 1296.889012000
 1305.679731000
 1359.605697000
 1365.322305000
 1384.533892000
 1429.025198000
 1586.816782000
 1630.923082000
 1647.898729000
 1666.560987000
 1677.313874000
 1679.527492000
 1697.615207000
 1711.220626000
 1716.364874000
 1732.227756000
 1735.631286000
 1737.354813000
 1742.700669000
 1755.003920000
 1825.860471000
 1854.521368000
 2595.722518000
 2599.812996000
 2636.013193000
 2639.503705000
 2654.806704000
 2661.130242000
 2667.068841000
 2671.151598000
 2673.880481000
 2677.281183000
 2679.240041000
 2679.613459000
 2682.306143000
 2684.055652000
 2704.673523000
 2706.157488000
 2707.076816000
 2707.840480000
 3035.353416000
 3037.121682000
 3040.632734000
 3041.675415000
 3047.566929000
 3056.556400000
 3089.618332000
 3090.619751000
 3092.372292000
 3100.253634000
 3102.244632000
 3110.973044000
 3117.203879000
 3232.602692000


 P=      50.0000 V=    1214.7159 E=    -549.941658980
    0.000000000    0.000000000    0.000000000
   -0.112761000
   -0.101755000
   -0.096973000
  212.961209000
  214.359106000
  216.300009000
  217.788598000
  219.786978000
  223.627824000
  374.875409000
  379.124753000
  380.921267000
  383.686901000
  384.467053000
  387.600526000
  399.892809000
  401.102894000
  408.129349000
  414.542815000
  419.643104000
  428.942912000
  430.803376000
  432.007321000
  432.573563000
  443.461477000
  453.461367000
  457.934680000
  463.280679000
  472.349322000
  479.420549000
  487.341848000
  492.788375000
  499.286217000
  513.879351000
  533.692365000
  540.619384000
  552.577890000
  578.467670000
  595.302774000
  619.703369000
  634.694876000
  644.886186000
  657.844583000
  659.472394000
  680.138786000
  689.071634000
  702.784669000
  710.099887000
  942.089434000
  945.164903000
  947.626918000
 1012.444310000
 1017.623758000
 1026.252284000
 1043.878394000
 1058.104788000
 1060.142947000
 1064.892199000
 1073.106856000
 1076.705543000
 1080.349206000
 1084.228466000
 1088.172517000
 1094.175615000
 1100.477652000
 1102.315811000
 1105.468028000
 1127.181241000
 1131.057715000
 1135.108535000
 1135.530501000
 1151.615563000
 1160.754229000
 1181.963555000
 1199.081895000
 1225.599812000
 1242.693967000
 1261.488541000
 1282.662894000
 1315.077178000
 1324.085950000
 1338.670836000
 1347.952361000
 1355.074079000
 1377.293401000
 1388.316145000
 1391.277471000
 1405.734289000
 1408.917735000
 1426.711328000
 1430.978831000
 1439.544955000
 1494.867706000
 1497.347045000
 1526.980717000
 1546.488004000
 1596.908286000
 1645.019738000
 1664.660197000
 1689.527750000
 1698.931473000
 1702.478468000
 1720.162596000
 1733.799521000
 1739.276300000
 1756.165415000
 1758.930308000
 1767.400634000
 1768.719875000
 1786.171417000
 1892.395206000
 1922.177384000
 2200.080207000
 2203.165671000
 2239.517046000
 2242.302369000
 2272.623150000
 2275.452332000
 2281.589725000
 2285.349787000
 2287.474495000
 2290.229354000
 2293.928835000
 2295.546889000
 2297.636832000
 2299.168731000
 2321.411192000
 2322.368370000
 2323.164147000
 2327.075475000
 2854.805173000
 2856.513880000
 2858.918175000
 2859.694533000
 2864.689489000
 2877.486663000
 2940.943827000
 2943.091106000
 2944.798875000
 2950.273553000
 2951.223359000
 2962.928111000
 2968.770548000
 3146.223661000


 P=      70.0000 V=    1119.1306 E=    -549.551513460
    0.000000000    0.000000000    0.000000000
   -0.102675000
   -0.094739000
   -0.072813000
  228.278978000
  229.271301000
  230.508276000
  231.132174000
  233.114771000
  235.484354000
  402.347366000
  407.103262000
  408.380759000
  413.431298000
  413.957623000
  418.360352000
  429.627261000
  435.663504000
  441.871798000
  460.786239000
  468.769058000
  482.250687000
  484.194187000
  485.326293000
  486.174034000
  497.170589000
  505.422709000
  512.422465000
  520.976187000
  530.924708000
  536.689467000
  550.143916000
  555.281201000
  562.918791000
  573.942731000
  615.372885000
  628.291939000
  637.938852000
  661.719188000
  681.999082000
  701.125837000
  716.229184000
  731.938323000
  747.288757000
  750.058078000
  777.306518000
  786.779817000
  803.410934000
  804.404938000
 1020.628235000
 1022.651625000
 1023.895767000
 1106.112772000
 1109.257119000
 1115.011648000
 1144.209133000
 1158.137300000
 1159.202952000
 1162.557214000
 1170.285964000
 1172.487618000
 1175.093225000
 1178.869853000
 1180.248833000
 1183.613489000
 1189.886518000
 1192.220398000
 1196.519749000
 1223.709890000
 1227.123641000
 1230.199826000
 1232.896719000
 1250.928871000
 1265.224482000
 1275.204474000
 1291.714501000
 1315.864023000
 1330.093709000
 1350.715312000
 1363.117501000
 1395.901693000
 1437.255890000
 1440.172073000
 1458.230163000
 1460.168470000
 1483.031945000
 1491.884395000
 1496.168964000
 1498.724906000
 1516.200248000
 1528.321926000
 1535.644432000
 1542.456329000
 1579.461861000
 1594.014789000
 1614.581035000
 1632.536919000
 1634.744964000
 1658.618265000
 1679.849643000
 1702.541417000
 1712.777678000
 1721.090055000
 1733.939560000
 1744.930050000
 1749.005823000
 1758.915049000
 1762.226486000
 1769.092518000
 1770.709010000
 1779.372559000
 1783.844673000
 1809.261637000
 1820.991761000
 1841.203532000
 1853.264812000
 1856.644684000
 1865.466684000
 1873.141552000
 1875.682956000
 1880.609316000
 1885.661285000
 1889.056238000
 1895.344570000
 1897.816098000
 1915.217214000
 1917.563072000
 1920.349391000
 1927.130655000
 1961.605904000
 1987.582734000
 2680.019714000
 2683.594209000
 2687.312634000
 2688.407236000
 2695.478711000
 2706.101970000
 2804.970306000
 2808.734409000
 2809.216995000
 2809.928793000
 2815.369549000
 2824.676008000
 2830.902620000
 3067.687516000
 weight
 0.0 0.0 0.0 1.0
