

 #v,#q,#freq,#unit
 6, 1, 144,16
 P=      -1.0000 V=    2308.3555 E=    -550.870922340
    0.000000000    0.000000000    0.000000000
   -0.426673000
   -0.410198000
   -0.308076000
   75.811952000
   84.123780000
   87.066372000
   99.941701000
  100.020378000
  102.987991000
  104.704057000
  105.221074000
  111.231905000
  111.996108000
  112.819715000
  118.362918000
  131.292963000
  136.096876000
  137.100240000
  140.812870000
  144.881662000
  145.346501000
  152.650222000
  154.834547000
  156.285737000
  157.681421000
  158.377010000
  160.565217000
  160.927878000
  161.268896000
  170.191922000
  170.460947000
  171.410218000
  172.548635000
  174.883042000
  176.749694000
  179.956712000
  181.563754000
  184.188132000
  186.935685000
  196.331082000
  198.662714000
  204.597353000
  205.564823000
  208.507439000
  208.913810000
  211.044422000
  231.604792000
  238.694684000
  491.705401000
  511.455281000
  521.823844000
  522.018057000
  534.160162000
  539.168337000
  540.209444000
  546.528977000
  547.771817000
  562.255406000
  562.570408000
  567.915394000
  569.680341000
  581.963982000
  595.136893000
  599.382917000
  601.727858000
  604.095290000
  613.294448000
  616.923195000
  617.174822000
  625.489714000
  632.208354000
  636.756636000
  637.376003000
  660.293314000
  670.129896000
  681.362351000
  695.566398000
  706.020072000
  725.070103000
  740.602962000
  755.820592000
  764.382648000
  771.375690000
  781.353191000
  782.845982000
  793.813567000
  824.104168000
  840.381743000
  840.665867000
  843.195496000
  847.322806000
  850.351302000
  856.644827000
  894.663763000
  906.762425000
  952.922237000
 1573.411247000
 1600.093546000
 1601.353635000
 1617.553321000
 1625.567906000
 1629.464407000
 1632.620634000
 1635.825895000
 1641.504875000
 1645.259350000
 1646.249974000
 1651.153208000
 1653.338612000
 1654.704190000
 1669.771546000
 1708.133887000
 3362.335793000
 3364.108542000
 3394.179054000
 3395.119030000
 3404.631665000
 3405.074818000
 3405.226900000
 3405.984847000
 3406.877004000
 3407.967532000
 3421.653060000
 3422.382256000
 3423.071541000
 3425.672136000
 3463.238501000
 3468.024947000
 3470.450810000
 3471.784981000
 3474.253305000
 3487.051432000
 3489.647748000
 3491.298033000
 3493.353268000
 3494.454797000
 3506.143240000
 3510.259974000
 3511.389976000
 3512.719196000
 3514.713462000
 3515.274574000
 3525.189780000
 3525.685373000


 P=       0.0000 V=    2171.9323 E=    -550.870441750
    0.000000000    0.000000000    0.000000000
   -0.417136000
   -0.400482000
   -0.279864000
  104.992315000
  107.434941000
  108.712149000
  112.236499000
  112.990664000
  116.740977000
  118.508802000
  119.932518000
  121.678072000
  125.706567000
  131.043566000
  131.813764000
  148.425595000
  151.262389000
  156.964237000
  159.028317000
  164.538699000
  164.982569000
  170.808370000
  173.485567000
  175.248864000
  176.247857000
  177.964562000
  179.638992000
  180.313557000
  185.529627000
  187.942557000
  188.686401000
  189.095620000
  189.650950000
  191.932429000
  193.714939000
  201.643344000
  204.625363000
  210.142085000
  211.626805000
  218.837551000
  229.970999000
  233.733355000
  233.954178000
  236.139352000
  236.950457000
  240.489782000
  258.429074000
  270.727615000
  523.387680000
  538.236520000
  555.506856000
  562.755538000
  564.216936000
  575.248968000
  576.821984000
  581.084719000
  582.737690000
  589.886656000
  592.355657000
  600.253649000
  601.032516000
  613.330353000
  623.880406000
  630.682984000
  630.938189000
  640.632686000
  641.036105000
  642.861386000
  646.408044000
  656.023512000
  659.327827000
  666.969104000
  669.550411000
  695.844131000
  703.642648000
  709.728457000
  724.149196000
  742.368678000
  757.468276000
  769.314825000
  795.145388000
  804.069588000
  804.395186000
  818.743333000
  830.063212000
  835.083153000
  861.805694000
  879.897039000
  880.459010000
  881.215773000
  882.237825000
  888.411178000
  893.670811000
  933.548105000
  950.982475000
  995.048760000
 1574.672531000
 1601.089287000
 1603.333357000
 1624.133294000
 1634.085534000
 1635.594290000
 1638.528016000
 1642.915142000
 1647.872696000
 1649.606385000
 1654.340267000
 1656.821101000
 1659.274758000
 1665.958054000
 1683.426737000
 1722.281479000
 3324.921318000
 3327.151128000
 3357.285403000
 3357.848670000
 3366.363384000
 3366.920500000
 3373.081150000
 3374.324586000
 3376.307836000
 3377.552414000
 3382.234232000
 3385.038063000
 3385.157678000
 3387.525551000
 3426.877717000
 3427.958776000
 3429.033220000
 3431.260155000
 3445.735132000
 3462.755928000
 3464.662937000
 3465.776265000
 3466.832246000
 3469.047544000
 3471.961084000
 3474.110338000
 3474.708926000
 3478.127812000
 3482.157226000
 3482.931912000
 3492.663727000
 3494.441097000


 P=      10.0000 V=    1664.3105 E=    -550.726539950
    0.000000000    0.000000000    0.000000000
   -0.269502000
   -0.244736000
   -0.141389000
  151.424555000
  154.285799000
  156.225040000
  157.674424000
  162.608676000
  164.726633000
  231.425919000
  236.026937000
  243.005884000
  244.348826000
  249.619958000
  250.078241000
  258.505558000
  261.421313000
  263.861577000
  264.234386000
  265.146507000
  265.650975000
  270.284513000
  270.729319000
  271.284618000
  271.518378000
  272.413286000
  275.026117000
  276.248815000
  285.574938000
  288.192843000
  288.537956000
  290.832521000
  298.591869000
  303.441504000
  307.048371000
  321.383864000
  329.875742000
  344.461845000
  351.766823000
  357.667160000
  390.459533000
  391.570682000
  392.197830000
  392.671591000
  394.666697000
  395.929911000
  420.004745000
  434.766359000
  685.759735000
  697.679807000
  711.345479000
  735.523815000
  741.411801000
  744.865990000
  756.086390000
  757.652604000
  762.123592000
  770.573348000
  776.623211000
  784.661750000
  785.079452000
  795.229003000
  796.637476000
  812.452061000
  813.299923000
  823.185318000
  825.606589000
  833.779896000
  841.388359000
  846.875466000
  847.162522000
  850.430262000
  851.443970000
  886.895037000
  891.649463000
  902.832109000
  916.307147000
  961.976065000
  966.829194000
  970.126392000
 1005.149295000
 1009.220792000
 1009.626886000
 1030.356179000
 1038.851944000
 1045.122342000
 1084.240418000
 1099.174170000
 1100.105890000
 1100.924867000
 1106.866347000
 1110.128961000
 1113.012876000
 1169.089916000
 1182.128987000
 1232.526862000
 1576.958365000
 1612.487313000
 1621.883007000
 1646.525884000
 1663.839296000
 1665.738630000
 1668.353553000
 1670.223438000
 1678.647878000
 1683.548082000
 1685.496467000
 1692.062776000
 1693.823240000
 1701.750112000
 1734.042777000
 1791.784358000
 3019.686206000
 3023.440021000
 3060.424457000
 3062.583664000
 3075.354860000
 3076.954001000
 3082.476857000
 3084.829470000
 3085.395552000
 3091.595722000
 3096.004080000
 3101.123692000
 3102.466271000
 3105.178261000
 3125.019618000
 3126.038515000
 3128.045323000
 3132.109326000
 3260.592362000
 3264.495568000
 3269.741440000
 3272.937234000
 3278.194952000
 3279.545153000
 3284.544715000
 3285.921946000
 3290.713422000
 3294.560926000
 3296.097420000
 3312.104435000
 3314.528106000
 3356.866170000


 P=      30.0000 V=    1361.5432 E=    -550.337418800
    0.000000000    0.000000000    0.000000000
   -0.121910000
   -0.114979000
   -0.073434000
  187.697480000
  189.860160000
  190.969242000
  192.772767000
  195.071520000
  199.983878000
  327.438458000
  332.477870000
  334.679165000
  335.894585000
  339.937541000
  342.266105000
  342.577481000
  343.181988000
  346.885511000
  354.383492000
  358.943095000
  360.229577000
  369.288706000
  369.471766000
  371.703781000
  373.418996000
  374.847898000
  386.480421000
  386.539594000
  395.222765000
  402.700627000
  407.451941000
  408.524169000
  415.540664000
  421.255884000
  431.118340000
  452.503557000
  458.575407000
  478.184522000
  488.285683000
  505.023772000
  548.361595000
  548.954496000
  549.463418000
  551.204462000
  552.817048000
  554.883647000
  586.672618000
  603.502849000
  836.023921000
  846.086945000
  853.023856000
  902.666594000
  904.991946000
  922.633409000
  926.920339000
  936.234482000
  941.744124000
  942.046932000
  953.200364000
  954.357511000
  962.459399000
  962.539447000
  967.302465000
  982.811399000
  989.795204000
  996.064559000
  996.929995000
 1005.189804000
 1017.070723000
 1021.381465000
 1025.332218000
 1028.169959000
 1045.869053000
 1061.653138000
 1077.964663000
 1081.856972000
 1087.981702000
 1145.753237000
 1151.648719000
 1180.505936000
 1200.041591000
 1204.089839000
 1209.790830000
 1228.723402000
 1243.403224000
 1247.891869000
 1291.994403000
 1297.618786000
 1301.606623000
 1302.851309000
 1307.965383000
 1313.208038000
 1325.443773000
 1382.258016000
 1398.734736000
 1435.549360000
 1583.707442000
 1629.683014000
 1643.070776000
 1672.887694000
 1694.568603000
 1696.096712000
 1699.937160000
 1710.328341000
 1719.264098000
 1719.548972000
 1720.900260000
 1728.362297000
 1734.801802000
 1739.494898000
 1803.733507000
 1872.459850000
 2599.281200000
 2602.953137000
 2642.696158000
 2644.250523000
 2661.501864000
 2662.590048000
 2665.741968000
 2670.659396000
 2674.235006000
 2677.409947000
 2679.374757000
 2680.278442000
 2686.580096000
 2689.786375000
 2706.016155000
 2706.910363000
 2708.648536000
 2711.326193000
 3036.284094000
 3040.347934000
 3042.594289000
 3046.357681000
 3053.394492000
 3054.730617000
 3085.201839000
 3091.485885000
 3092.304883000
 3098.100767000
 3109.397335000
 3115.283392000
 3116.842723000
 3234.865111000


 P=      50.0000 V=    1215.1586 E=    -549.942376920
    0.000000000    0.000000000    0.000000000
   -0.154622000
   -0.131810000
   -0.123987000
  210.872394000
  211.376042000
  213.033634000
  215.339785000
  215.886571000
  221.652495000
  375.450472000
  379.824199000
  382.055194000
  383.961383000
  388.945441000
  389.755672000
  398.428555000
  403.315103000
  406.833691000
  409.445814000
  427.597965000
  431.940115000
  432.848517000
  435.268790000
  442.443961000
  443.440160000
  447.018712000
  456.079295000
  459.980953000
  473.416866000
  482.038552000
  482.694607000
  487.796666000
  493.875917000
  520.365217000
  525.608854000
  548.669020000
  552.965705000
  559.714825000
  594.603647000
  611.929377000
  657.165747000
  657.773012000
  660.576206000
  660.932526000
  664.192838000
  664.725831000
  705.795783000
  721.295705000
  933.527711000
  942.770993000
  946.198596000
 1013.432161000
 1015.945568000
 1029.008570000
 1049.320534000
 1056.081870000
 1058.833355000
 1061.460061000
 1067.932859000
 1070.053210000
 1075.287024000
 1078.565117000
 1081.709913000
 1095.348095000
 1098.692214000
 1105.673600000
 1121.693873000
 1123.683543000
 1135.054524000
 1137.144996000
 1148.898875000
 1152.424886000
 1166.240619000
 1185.687978000
 1191.410654000
 1197.767466000
 1206.478027000
 1259.576115000
 1264.291955000
 1316.929292000
 1319.555721000
 1340.360084000
 1346.641892000
 1357.256833000
 1378.250585000
 1384.529004000
 1419.351889000
 1427.295544000
 1433.908304000
 1434.958393000
 1434.997014000
 1445.626445000
 1458.718798000
 1514.384260000
 1532.109557000
 1559.765916000
 1597.049580000
 1648.760132000
 1660.902428000
 1691.976270000
 1714.854632000
 1717.367338000
 1718.764810000
 1731.351246000
 1741.610909000
 1742.961658000
 1752.154242000
 1761.759780000
 1762.528574000
 1767.597438000
 1872.176069000
 1933.571441000
 2212.294135000
 2213.586706000
 2259.651861000
 2263.720152000
 2274.969130000
 2277.187950000
 2278.816356000
 2288.033059000
 2290.601033000
 2291.891978000
 2300.644158000
 2303.045952000
 2306.142022000
 2316.261071000
 2324.425199000
 2328.717960000
 2330.799980000
 2331.660473000
 2856.996876000
 2862.842520000
 2864.941145000
 2870.852663000
 2872.072137000
 2873.285254000
 2938.183018000
 2945.762463000
 2947.030732000
 2954.684379000
 2964.906363000
 2966.465663000
 2969.127377000
 3149.915908000


 P=      70.0000 V=    1119.2773 E=    -549.551695540
    0.000000000    0.000000000    0.000000000
   -0.187692000
   -0.180027000
   -0.125358000
  226.723015000
  227.777690000
  228.818827000
  229.153420000
  230.533230000
  234.259139000
  400.704874000
  407.701726000
  411.826387000
  412.202218000
  417.185769000
  420.729505000
  429.866895000
  438.766518000
  439.085998000
  453.635099000
  482.635800000
  484.486956000
  484.886249000
  485.829339000
  493.825771000
  503.727149000
  505.583133000
  507.354451000
  514.028014000
  529.137711000
  535.309877000
  544.247992000
  544.743564000
  564.194161000
  606.707925000
  608.616844000
  616.998724000
  631.527960000
  632.163195000
  689.271933000
  701.669075000
  743.176253000
  745.580850000
  749.834550000
  754.618517000
  754.654778000
  760.100162000
  805.963796000
  820.380197000
 1015.359095000
 1021.222252000
 1023.055572000
 1106.287596000
 1108.545170000
 1116.342581000
 1153.029763000
 1157.717722000
 1157.953573000
 1161.794851000
 1161.990613000
 1169.390679000
 1171.339103000
 1173.396289000
 1176.832410000
 1185.415170000
 1188.925693000
 1193.629970000
 1215.813563000
 1228.450459000
 1230.967271000
 1231.438335000
 1253.815957000
 1255.668167000
 1260.675769000
 1278.425702000
 1282.371445000
 1287.020209000
 1305.130502000
 1342.452152000
 1345.390358000
 1397.473937000
 1416.972665000
 1454.169179000
 1460.838974000
 1463.482183000
 1492.508926000
 1498.237061000
 1507.839435000
 1525.982155000
 1531.799413000
 1536.158849000
 1537.447855000
 1549.367948000
 1554.050740000
 1603.885852000
 1616.864287000
 1618.830983000
 1657.203745000
 1672.073531000
 1675.485442000
 1702.995316000
 1723.537243000
 1726.451463000
 1735.426033000
 1738.648212000
 1750.562326000
 1751.315613000
 1754.751674000
 1766.631687000
 1769.377611000
 1776.677762000
 1804.915944000
 1813.598236000
 1830.056530000
 1849.933935000
 1852.444317000
 1853.653512000
 1860.628175000
 1868.666483000
 1872.134325000
 1874.603952000
 1889.094559000
 1893.766918000
 1905.454046000
 1908.992624000
 1913.380012000
 1922.525134000
 1925.565841000
 1927.236044000
 1946.590488000
 1993.750815000
 2686.472266000
 2688.368078000
 2692.220113000
 2692.470473000
 2696.099833000
 2696.857815000
 2806.979512000
 2809.224428000
 2810.209394000
 2811.777239000
 2814.548592000
 2825.040335000
 2837.842931000
 3069.351727000
 weight
 0.0 0.0 0.0 1.0
