

 #v,#q,#freq,#unit
 6, 1, 144,16
 P=      -1.0000 V=    2279.5788 E=    -550.869491090
    0.000000000    0.000000000    0.000000000
   -0.478427000
   -0.453552000
   -0.396859000
   64.617118000
   94.330314000
   97.055049000
  105.208060000
  107.861497000
  109.406885000
  110.024590000
  111.126145000
  113.429961000
  113.470822000
  114.476248000
  114.777989000
  135.820625000
  137.602611000
  141.939203000
  143.292947000
  143.343841000
  144.430531000
  155.603558000
  158.039756000
  158.992935000
  161.169898000
  161.403351000
  163.152010000
  170.839308000
  171.582390000
  174.457703000
  174.591275000
  175.907175000
  176.926398000
  177.084821000
  179.552036000
  181.383084000
  182.263961000
  184.094147000
  189.253104000
  200.657178000
  207.535552000
  210.693362000
  215.733799000
  216.560732000
  221.051297000
  226.098934000
  236.760666000
  241.449578000
  522.531195000
  524.609562000
  526.249250000
  544.697669000
  553.316228000
  553.978832000
  562.272125000
  567.446385000
  569.352977000
  574.892397000
  576.174136000
  588.706997000
  594.126832000
  596.655414000
  602.224917000
  610.307397000
  617.372723000
  617.838938000
  631.323042000
  632.769239000
  639.023584000
  650.489113000
  655.865837000
  661.769016000
  667.182126000
  686.594879000
  699.322711000
  703.206586000
  707.204275000
  722.263825000
  729.311132000
  753.557844000
  774.281129000
  779.474045000
  789.115174000
  795.257508000
  802.138795000
  804.053909000
  809.714966000
  827.959278000
  832.788522000
  846.089305000
  859.492602000
  870.804546000
  880.149292000
  886.018033000
  886.213611000
  897.778591000
 1604.969069000
 1606.878440000
 1609.818720000
 1620.728331000
 1626.143959000
 1628.891567000
 1631.918282000
 1639.150092000
 1648.854499000
 1651.055763000
 1657.628524000
 1658.686529000
 1665.298630000
 1675.503482000
 1681.349839000
 1693.307864000
 3347.714429000
 3349.670003000
 3376.810315000
 3378.391111000
 3379.839709000
 3382.042078000
 3384.444112000
 3385.508572000
 3395.813079000
 3397.809582000
 3399.372022000
 3400.119362000
 3428.179824000
 3430.655859000
 3448.646709000
 3449.348321000
 3449.882339000
 3450.090101000
 3451.278230000
 3451.854285000
 3456.887593000
 3477.583727000
 3479.750791000
 3481.637875000
 3483.232497000
 3484.164127000
 3496.661610000
 3497.213840000
 3498.705630000
 3500.499379000
 3501.101677000
 3502.010900000


 P=       0.0000 V=    2179.9721 E=    -550.869581270
    0.000000000    0.000000000    0.000000000
   -0.421631000
   -0.384991000
   -0.317880000
   87.638505000
  111.679948000
  112.608620000
  113.576194000
  114.708366000
  115.713644000
  116.834270000
  119.463311000
  120.935916000
  126.887580000
  128.834006000
  131.321020000
  149.467829000
  151.609903000
  155.770266000
  157.101600000
  157.241983000
  158.074712000
  169.650729000
  171.915968000
  173.378335000
  175.363427000
  177.071186000
  177.136349000
  182.410312000
  185.060149000
  185.928511000
  186.910415000
  187.807355000
  188.035617000
  189.583590000
  194.874764000
  196.706061000
  198.355620000
  199.516998000
  208.237346000
  217.625635000
  229.670793000
  232.058657000
  237.574792000
  238.399560000
  241.491960000
  245.962470000
  256.356306000
  262.553381000
  527.979783000
  530.813522000
  534.644801000
  553.814635000
  562.769328000
  563.268306000
  574.662280000
  577.425666000
  580.747794000
  586.375921000
  588.680453000
  599.238819000
  604.721365000
  608.167019000
  613.511881000
  622.184908000
  628.421371000
  630.494824000
  643.940520000
  646.042992000
  649.586582000
  661.984516000
  668.963862000
  674.270462000
  682.647922000
  700.985259000
  715.705155000
  718.863950000
  722.699041000
  740.109294000
  745.970355000
  770.263658000
  792.437008000
  796.799512000
  808.154895000
  814.055766000
  821.690731000
  824.238620000
  830.516813000
  848.611028000
  853.959257000
  868.097987000
  881.345358000
  892.548562000
  903.446192000
  908.483657000
  908.576880000
  920.838750000
 1604.729326000
 1606.677939000
 1609.717532000
 1621.498420000
 1627.038615000
 1630.449854000
 1633.045972000
 1640.713477000
 1651.143416000
 1653.637462000
 1660.349450000
 1661.303610000
 1668.359572000
 1679.402003000
 1686.635510000
 1699.377586000
 3331.754333000
 3333.951891000
 3362.520931000
 3362.810816000
 3365.984249000
 3368.367117000
 3372.622731000
 3372.678506000
 3381.417959000
 3385.379135000
 3386.310756000
 3390.003135000
 3421.781178000
 3426.093844000
 3432.549687000
 3433.440959000
 3434.024086000
 3435.449123000
 3435.699341000
 3438.668531000
 3452.072770000
 3468.757587000
 3473.463567000
 3474.893137000
 3477.706664000
 3478.291779000
 3488.746683000
 3489.422846000
 3491.486569000
 3493.350275000
 3496.022424000
 3496.171861000


 P=      10.0000 V=    1664.3941 E=    -550.724865690
    0.000000000    0.000000000    0.000000000
   -0.273863000
   -0.266807000
   -0.231750000
  154.787089000
  155.750045000
  157.088021000
  158.061421000
  160.295240000
  161.246488000
  219.726361000
  247.832335000
  248.439575000
  250.122234000
  251.765509000
  254.020823000
  256.653877000
  257.262995000
  260.067676000
  262.926696000
  264.922457000
  267.007932000
  267.475809000
  268.141355000
  268.306630000
  269.121352000
  269.991856000
  270.514043000
  275.830847000
  275.980466000
  276.693590000
  289.295389000
  293.450353000
  305.245434000
  312.297964000
  313.783531000
  317.826856000
  318.614447000
  340.393448000
  353.735185000
  355.001107000
  394.547645000
  395.866885000
  398.514363000
  399.810402000
  403.712541000
  404.874013000
  408.796332000
  427.032429000
  692.900939000
  693.639492000
  698.529383000
  733.220013000
  738.541765000
  744.684000000
  766.559626000
  770.421118000
  772.986012000
  774.789122000
  780.603827000
  783.435015000
  786.460288000
  794.174408000
  808.230535000
  809.003685000
  811.710248000
  817.393651000
  829.047455000
  832.727908000
  839.927311000
  844.675847000
  855.198219000
  862.301342000
  880.700391000
  884.736132000
  908.981706000
  916.709161000
  920.874497000
  940.943602000
  941.778875000
  973.331121000
 1004.226327000
 1009.273229000
 1021.602801000
 1030.889019000
 1032.999342000
 1038.195657000
 1045.374754000
 1066.939732000
 1068.917398000
 1094.107488000
 1108.942406000
 1116.463629000
 1130.132018000
 1137.899172000
 1138.965285000
 1151.170993000
 1624.410646000
 1624.625620000
 1631.317236000
 1648.926461000
 1655.697741000
 1659.644336000
 1662.214716000
 1673.866552000
 1688.789916000
 1693.592650000
 1699.710639000
 1700.165711000
 1709.125293000
 1725.752798000
 1750.935273000
 1768.721635000
 3022.513903000
 3026.669807000
 3063.466098000
 3064.412221000
 3067.249614000
 3069.183529000
 3073.984105000
 3074.129910000
 3090.523962000
 3091.563613000
 3093.142043000
 3094.914645000
 3121.360527000
 3123.337028000
 3124.021069000
 3125.078652000
 3125.917507000
 3127.355613000
 3244.631483000
 3245.638858000
 3268.972941000
 3270.075539000
 3271.320185000
 3273.046450000
 3290.784600000
 3295.944044000
 3298.974972000
 3302.039015000
 3302.768630000
 3303.349558000
 3306.008209000
 3355.238438000


 P=      30.0000 V=    1361.3502 E=    -550.335447720
    0.000000000    0.000000000    0.000000000
   -0.162109000
   -0.141478000
   -0.125049000
  189.610327000
  190.828502000
  193.407529000
  194.512175000
  195.986794000
  196.861965000
  326.061444000
  338.177290000
  338.492664000
  339.885665000
  340.019638000
  342.929514000
  344.489682000
  349.304391000
  349.917287000
  351.914043000
  354.471967000
  356.797269000
  363.481063000
  365.391154000
  366.994052000
  377.077422000
  379.145552000
  380.251149000
  381.273095000
  388.457244000
  392.564056000
  397.614147000
  400.039741000
  426.990606000
  438.395865000
  439.112416000
  444.319012000
  446.545698000
  483.853852000
  492.113119000
  492.923524000
  554.902951000
  556.522280000
  557.242334000
  561.352415000
  561.647255000
  569.646383000
  571.521094000
  591.637380000
  839.975855000
  841.391647000
  845.055908000
  901.660594000
  905.557809000
  911.826827000
  945.177228000
  948.422528000
  951.915619000
  952.185013000
  954.093018000
  960.187118000
  966.633530000
  969.784180000
  979.564230000
  982.550102000
  984.563440000
  994.467769000
  997.311922000
 1006.578061000
 1016.051212000
 1022.967718000
 1029.019745000
 1037.640371000
 1051.449625000
 1061.807543000
 1086.285895000
 1096.330445000
 1097.091037000
 1118.348641000
 1120.200151000
 1156.867154000
 1202.078654000
 1204.876776000
 1221.933806000
 1230.926763000
 1235.278412000
 1240.957460000
 1245.629847000
 1266.069431000
 1272.059707000
 1301.169774000
 1314.557752000
 1317.573600000
 1325.180630000
 1350.363115000
 1352.144755000
 1359.843300000
 1646.067942000
 1648.074991000
 1657.270325000
 1681.731846000
 1686.878373000
 1692.483059000
 1697.039920000
 1708.770499000
 1730.346829000
 1733.122269000
 1737.470230000
 1739.790822000
 1748.230530000
 1773.920662000
 1833.388661000
 1850.807157000
 2598.547117000
 2604.034226000
 2641.457751000
 2646.287364000
 2646.375415000
 2652.986013000
 2654.834145000
 2658.061151000
 2668.086357000
 2670.313943000
 2681.114737000
 2684.606924000
 2698.482410000
 2701.228077000
 2702.523283000
 2703.904795000
 2706.411169000
 2709.132296000
 3030.087394000
 3031.948422000
 3040.742359000
 3044.129354000
 3045.913494000
 3049.335218000
 3094.013326000
 3097.012067000
 3098.447098000
 3101.572292000
 3104.605916000
 3108.483707000
 3108.809475000
 3233.497721000


 P=      50.0000 V=    1214.9736 E=    -549.940483670
    0.000000000    0.000000000    0.000000000
   -0.123423000
   -0.118106000
   -0.104168000
  211.423887000
  212.896400000
  215.407525000
  217.097515000
  217.856215000
  218.231659000
  379.067416000
  384.152006000
  385.354815000
  385.657600000
  387.269925000
  390.498800000
  395.693830000
  404.244588000
  409.899052000
  414.271658000
  417.067423000
  426.643147000
  431.170718000
  431.198028000
  436.770028000
  445.606685000
  453.315301000
  461.481045000
  462.724510000
  463.896004000
  470.585057000
  472.951556000
  476.762501000
  507.424599000
  522.992001000
  523.664137000
  544.043382000
  546.058795000
  580.347524000
  585.879888000
  593.568385000
  666.832767000
  670.040508000
  670.215579000
  670.658596000
  675.667833000
  686.446387000
  689.040253000
  705.113989000
  937.136245000
  938.819303000
  940.907652000
 1013.335514000
 1016.037832000
 1021.817910000
 1064.839047000
 1067.801802000
 1068.202001000
 1069.347525000
 1073.247330000
 1080.198411000
 1085.382514000
 1086.895149000
 1094.245929000
 1097.021094000
 1098.246989000
 1103.608374000
 1110.299961000
 1124.491044000
 1135.305455000
 1144.848675000
 1146.315011000
 1158.012996000
 1167.092055000
 1180.694731000
 1202.400898000
 1209.082668000
 1210.543030000
 1231.044901000
 1236.055815000
 1273.801165000
 1323.653215000
 1343.214903000
 1359.081655000
 1364.710870000
 1373.255706000
 1377.273999000
 1379.918238000
 1398.657476000
 1406.353099000
 1433.638336000
 1444.984148000
 1446.484501000
 1448.432121000
 1487.931930000
 1491.322533000
 1491.430665000
 1663.302678000
 1666.883459000
 1678.608849000
 1707.109867000
 1709.762444000
 1716.171256000
 1721.085066000
 1731.862016000
 1756.676573000
 1757.584143000
 1764.585572000
 1765.801180000
 1773.444722000
 1805.566488000
 1904.153298000
 1916.889448000
 2202.168691000
 2211.083006000
 2241.543531000
 2246.787811000
 2263.276745000
 2268.652623000
 2271.268394000
 2276.491521000
 2278.942696000
 2284.756356000
 2309.023999000
 2315.235036000
 2316.287088000
 2320.289041000
 2320.299210000
 2323.417950000
 2328.377613000
 2336.334847000
 2854.368012000
 2855.873422000
 2859.043740000
 2861.421040000
 2869.985483000
 2876.704271000
 2942.114116000
 2948.004337000
 2949.069522000
 2954.210291000
 2954.782587000
 2965.567450000
 2968.873041000
 3148.331821000


 P=      70.0000 V=    1119.9277 E=    -549.554000290
    0.000000000    0.000000000    0.000000000
   -0.119962000
   -0.104900000
   -0.101479000
  226.419294000
  227.691033000
  229.608156000
  230.940009000
  231.129006000
  231.212371000
  408.781566000
  410.941357000
  411.820240000
  413.401338000
  414.649996000
  420.472645000
  425.700989000
  436.441852000
  443.045371000
  461.631413000
  464.286090000
  480.153846000
  483.025928000
  485.523592000
  493.325032000
  496.880472000
  510.941112000
  515.192111000
  524.599841000
  529.140925000
  529.766350000
  533.553230000
  544.185627000
  567.559351000
  592.321337000
  592.535871000
  630.043959000
  630.601739000
  643.261149000
  669.747538000
  678.882672000
  760.650871000
  761.583724000
  764.913377000
  765.987915000
  768.991307000
  784.045083000
  786.142612000
  796.669839000
 1014.230982000
 1015.584691000
 1016.231279000
 1103.305388000
 1104.521134000
 1109.091401000
 1157.547846000
 1161.945744000
 1163.944238000
 1167.187128000
 1167.768693000
 1172.804050000
 1176.041137000
 1178.789588000
 1182.321052000
 1184.044725000
 1187.997411000
 1189.210029000
 1194.604995000
 1221.025181000
 1230.241092000
 1240.484497000
 1241.799687000
 1252.112095000
 1262.147949000
 1272.258427000
 1291.235761000
 1294.998479000
 1296.140338000
 1312.068549000
 1324.686332000
 1354.547186000
 1406.594822000
 1454.473707000
 1469.842673000
 1472.586617000
 1480.923059000
 1482.985801000
 1487.407451000
 1503.360907000
 1511.368471000
 1531.791215000
 1534.390154000
 1543.119068000
 1543.352505000
 1584.133246000
 1587.070578000
 1593.004748000
 1675.534796000
 1679.230673000
 1692.033495000
 1717.160475000
 1728.823176000
 1732.587392000
 1735.717337000
 1745.026386000
 1763.502588000
 1766.612693000
 1774.661559000
 1778.645686000
 1783.073923000
 1786.196237000
 1802.451674000
 1805.944868000
 1834.963599000
 1859.080085000
 1861.960364000
 1863.490686000
 1865.292116000
 1881.518777000
 1884.131087000
 1901.753743000
 1916.116666000
 1925.058761000
 1926.658101000
 1928.387042000
 1932.548437000
 1932.564241000
 1937.825886000
 1941.117487000
 1972.980321000
 1982.126120000
 2685.030819000
 2696.015250000
 2697.706571000
 2697.943309000
 2707.919281000
 2715.090536000
 2808.434471000
 2817.780102000
 2819.899580000
 2821.494049000
 2826.283683000
 2831.494132000
 2841.133790000
 3075.274794000
 weight
 0.0 0.0 0.0 1.0
