

 #v,#q,#freq,#unit
 6, 1, 144,16
 P=      -1.0000 V=    2296.6109 E=    -550.870574320
    0.000000000    0.000000000    0.000000000
   -0.658208000
   -0.318719000
   -0.308940000
   47.414042000
   90.562474000
   90.651760000
   96.779829000
  106.325096000
  110.140411000
  110.541761000
  110.574104000
  112.405962000
  112.440819000
  122.602767000
  123.390646000
  137.487545000
  137.536647000
  140.218002000
  142.563969000
  142.772188000
  143.353408000
  151.224059000
  151.372649000
  151.833218000
  155.968651000
  160.988523000
  163.957592000
  164.210944000
  165.252120000
  171.380867000
  171.529728000
  171.613276000
  172.078373000
  174.031883000
  179.416447000
  180.208005000
  180.259285000
  181.584028000
  183.383520000
  183.456421000
  206.913939000
  207.138354000
  207.335639000
  214.618919000
  220.244611000
  224.077511000
  224.383536000
  243.837837000
  510.312951000
  510.778242000
  516.684588000
  533.888717000
  543.072706000
  544.952523000
  545.112443000
  548.949812000
  560.523161000
  560.629384000
  565.133887000
  578.600744000
  580.622715000
  580.975919000
  586.316838000
  590.347351000
  590.831975000
  592.771254000
  607.033702000
  621.612438000
  622.614095000
  627.378485000
  633.579305000
  639.387363000
  660.366799000
  714.873442000
  715.525706000
  716.062945000
  723.273022000
  732.853123000
  733.062843000
  741.203911000
  741.617049000
  780.001711000
  785.393728000
  785.916533000
  787.100851000
  798.533093000
  827.483420000
  827.844255000
  842.877193000
  849.032654000
  850.569328000
  851.344374000
  867.545448000
  868.699124000
  869.244135000
  892.170341000
 1603.609058000
 1611.188757000
 1612.374380000
 1614.565667000
 1615.321408000
 1615.452275000
 1640.139429000
 1640.201886000
 1648.081238000
 1648.233619000
 1656.183982000
 1659.146036000
 1661.872741000
 1661.982275000
 1668.489969000
 1688.617801000
 3360.820454000
 3362.871605000
 3387.394417000
 3393.057603000
 3393.268295000
 3393.675519000
 3393.732436000
 3394.437954000
 3394.930111000
 3400.220513000
 3439.218288000
 3439.302043000
 3441.051374000
 3442.092110000
 3457.353579000
 3463.009707000
 3463.816363000
 3464.303006000
 3464.541702000
 3464.747466000
 3465.343238000
 3465.735984000
 3468.187366000
 3486.615146000
 3503.492237000
 3509.892422000
 3510.236502000
 3510.776407000
 3510.973304000
 3511.579535000
 3513.422535000
 3514.962583000


 P=       0.0000 V=    2180.1332 E=    -550.869897620
    0.000000000    0.000000000    0.000000000
   -0.523790000
   -0.280220000
   -0.273813000
   77.354005000
  111.370657000
  111.480997000
  111.627642000
  111.709721000
  115.187097000
  117.801017000
  117.881480000
  117.945704000
  124.703391000
  144.274623000
  145.216301000
  152.373347000
  152.412303000
  154.281853000
  156.375865000
  156.557033000
  159.919969000
  166.746365000
  166.977374000
  167.022350000
  172.206042000
  177.730851000
  180.672207000
  183.354733000
  183.684959000
  185.164619000
  185.792216000
  185.829807000
  185.918112000
  190.531820000
  194.780763000
  198.799717000
  198.876446000
  201.848523000
  201.896950000
  205.824204000
  232.535819000
  233.148563000
  233.374771000
  240.145046000
  247.836364000
  248.079764000
  248.331964000
  268.853806000
  529.600273000
  529.814258000
  534.813133000
  557.440104000
  568.441698000
  568.673178000
  569.071234000
  572.796732000
  580.192528000
  580.442041000
  582.973275000
  600.169825000
  602.603559000
  603.053908000
  607.066774000
  608.950689000
  609.382291000
  615.907306000
  627.681484000
  643.618903000
  643.937552000
  647.970935000
  655.064537000
  663.438906000
  678.273773000
  740.967486000
  742.423504000
  742.822048000
  748.414416000
  755.906779000
  764.081364000
  766.183850000
  766.425159000
  809.523420000
  813.847572000
  813.939542000
  814.577138000
  828.831734000
  857.371858000
  857.651387000
  872.337270000
  880.081766000
  882.045490000
  882.443534000
  900.314308000
  901.355084000
  901.857683000
  924.748482000
 1603.664418000
 1613.825363000
 1615.852076000
 1615.957493000
 1616.609566000
 1616.721433000
 1643.799334000
 1643.910954000
 1651.589953000
 1651.675964000
 1660.504025000
 1664.295419000
 1666.348150000
 1666.462547000
 1670.443544000
 1698.579897000
 3332.838030000
 3335.310888000
 3361.392954000
 3366.137143000
 3367.317491000
 3368.218605000
 3368.561557000
 3369.480748000
 3369.728790000
 3377.090630000
 3421.584078000
 3422.906167000
 3425.371039000
 3425.948003000
 3432.810979000
 3434.747282000
 3435.530880000
 3435.557423000
 3436.109200000
 3437.221782000
 3440.862484000
 3441.755876000
 3453.236592000
 3479.019604000
 3485.077850000
 3490.013070000
 3492.036622000
 3492.894016000
 3493.587462000
 3494.309774000
 3496.690245000
 3499.719975000


 P=      10.0000 V=    1664.3011 E=    -550.726372380
    0.000000000    0.000000000    0.000000000
   -0.194949000
   -0.191154000
   -0.170145000
  154.484529000
  156.403294000
  157.318992000
  157.424935000
  158.357095000
  162.595320000
  212.654287000
  247.646195000
  247.992852000
  249.457566000
  254.258125000
  256.893915000
  259.266750000
  259.410592000
  262.136662000
  262.512160000
  263.860442000
  266.338177000
  267.124467000
  268.089192000
  270.602230000
  270.877204000
  272.193401000
  272.495799000
  272.825868000
  282.262270000
  284.788798000
  298.604692000
  306.842085000
  307.338984000
  310.425159000
  313.040868000
  318.791018000
  318.933699000
  320.096950000
  320.185682000
  355.526619000
  395.152167000
  395.368699000
  396.403148000
  399.336596000
  400.227692000
  410.764039000
  417.360263000
  430.540483000
  694.394355000
  695.137223000
  702.223144000
  742.940447000
  752.054341000
  752.293631000
  752.534735000
  754.473330000
  760.289203000
  760.615871000
  770.801610000
  786.139970000
  786.405636000
  787.771596000
  793.347106000
  802.861293000
  803.151337000
  804.169109000
  812.104404000
  833.329892000
  833.872829000
  835.229305000
  844.999088000
  847.187259000
  868.735419000
  935.938661000
  948.806882000
  949.382186000
  953.570099000
  963.926238000
  967.556796000
  967.772615000
  976.707018000
 1019.160524000
 1023.925934000
 1026.853739000
 1026.923256000
 1047.068564000
 1080.998513000
 1081.404800000
 1091.621539000
 1109.521263000
 1109.577027000
 1109.896553000
 1126.051338000
 1134.288567000
 1135.194555000
 1155.628189000
 1620.803295000
 1634.343274000
 1636.202567000
 1636.394638000
 1638.673346000
 1638.953225000
 1676.506925000
 1676.769087000
 1686.186694000
 1686.300724000
 1699.443634000
 1706.076009000
 1706.200674000
 1713.780998000
 1726.771536000
 1767.271599000
 3021.333090000
 3026.866415000
 3057.416134000
 3059.136527000
 3064.440000000
 3068.332758000
 3070.185692000
 3072.380247000
 3077.041840000
 3083.474889000
 3121.860486000
 3122.216349000
 3122.383770000
 3124.104327000
 3126.259036000
 3127.423656000
 3127.973144000
 3129.425391000
 3243.488376000
 3244.953333000
 3246.890394000
 3247.603151000
 3282.194242000
 3283.459518000
 3291.278752000
 3297.619946000
 3300.242702000
 3301.733969000
 3302.841227000
 3312.209702000
 3313.288362000
 3355.264908000


 P=      30.0000 V=    1361.4241 E=    -550.337016610
    0.000000000    0.000000000    0.000000000
   -0.090733000
   -0.083423000
   -0.077380000
  188.526089000
  192.045472000
  192.185436000
  193.380344000
  194.594123000
  198.481309000
  319.821970000
  335.712871000
  336.129974000
  336.749050000
  340.927814000
  341.037822000
  346.881182000
  348.538557000
  351.247361000
  351.473212000
  355.803222000
  366.410523000
  366.502601000
  369.021300000
  372.356445000
  373.004482000
  379.271632000
  379.478029000
  383.236509000
  386.583707000
  389.746831000
  427.513773000
  428.111509000
  433.520409000
  438.888392000
  439.049618000
  439.245069000
  439.708470000
  444.783962000
  455.515217000
  495.890198000
  553.591421000
  553.964802000
  556.663488000
  556.893068000
  558.645711000
  580.880656000
  589.087694000
  591.998883000
  842.802824000
  842.925640000
  849.626198000
  911.211492000
  913.619351000
  914.609427000
  920.520004000
  933.076703000
  936.472794000
  937.121736000
  955.619352000
  963.292048000
  963.705946000
  963.946997000
  967.329080000
  979.389026000
  980.211276000
  983.417709000
  984.766561000
  998.626893000
 1009.507400000
 1009.870033000
 1015.115860000
 1032.714063000
 1036.096880000
 1111.051382000
 1132.721923000
 1137.895738000
 1139.040749000
 1145.830007000
 1146.396142000
 1147.684001000
 1169.221290000
 1219.038610000
 1222.330053000
 1224.565501000
 1225.546978000
 1245.442002000
 1286.597702000
 1287.615184000
 1290.388736000
 1317.034986000
 1317.782454000
 1318.291609000
 1334.743827000
 1347.024126000
 1350.182323000
 1353.298499000
 1640.898499000
 1660.210881000
 1661.928759000
 1663.222758000
 1664.510968000
 1669.678899000
 1706.916054000
 1707.674531000
 1725.686168000
 1726.032174000
 1737.000977000
 1743.050576000
 1743.874056000
 1752.697190000
 1807.155862000
 1851.739962000
 2593.709077000
 2600.945876000
 2624.833056000
 2629.767174000
 2642.328385000
 2651.110983000
 2651.491359000
 2656.070772000
 2671.615811000
 2677.643700000
 2699.016317000
 2699.852660000
 2700.819116000
 2707.400285000
 2707.708911000
 2708.317915000
 2709.185178000
 2713.934820000
 3030.000606000
 3030.590795000
 3032.463298000
 3033.858962000
 3051.982658000
 3052.392199000
 3094.540851000
 3097.592025000
 3098.913609000
 3101.479050000
 3109.082122000
 3114.039540000
 3116.574440000
 3234.035761000


 P=      50.0000 V=    1214.8058 E=    -549.941291770
    0.000000000    0.000000000    0.000000000
   -0.111843000
   -0.107744000
   -0.103948000
  210.108534000
  213.292877000
  213.345775000
  215.125468000
  216.499282000
  219.424616000
  376.887118000
  381.437783000
  381.958752000
  382.041738000
  386.248042000
  388.706812000
  405.228186000
  405.318997000
  405.739630000
  408.474058000
  422.886895000
  434.244023000
  434.372427000
  437.334077000
  439.797684000
  440.215502000
  454.150821000
  460.474574000
  463.947879000
  464.171627000
  466.641457000
  508.913056000
  509.103290000
  513.542190000
  523.484353000
  523.638067000
  523.783833000
  523.862450000
  553.332355000
  564.402639000
  586.364876000
  663.775612000
  664.504200000
  670.450177000
  670.592511000
  673.137503000
  702.082640000
  703.539635000
  711.302557000
  940.598029000
  940.780981000
  945.719801000
 1021.457910000
 1023.479441000
 1023.840507000
 1043.965539000
 1055.806983000
 1056.663579000
 1056.811514000
 1078.641538000
 1082.698771000
 1083.035562000
 1083.294517000
 1084.213261000
 1092.370833000
 1092.749081000
 1107.432423000
 1109.065878000
 1109.434122000
 1130.007912000
 1130.093076000
 1132.902151000
 1147.408170000
 1158.482130000
 1221.099597000
 1247.554034000
 1259.569660000
 1260.221270000
 1260.809890000
 1261.075988000
 1262.787074000
 1284.044693000
 1355.387882000
 1356.779161000
 1359.028062000
 1359.410661000
 1376.649704000
 1421.380234000
 1422.691009000
 1422.867685000
 1452.170287000
 1452.408775000
 1454.846589000
 1467.270445000
 1468.527232000
 1486.447326000
 1487.426977000
 1656.747666000
 1678.893353000
 1682.647835000
 1683.346380000
 1683.696523000
 1706.059075000
 1725.701854000
 1725.764506000
 1755.988291000
 1756.049060000
 1759.624411000
 1764.460401000
 1764.582117000
 1774.853504000
 1879.807086000
 1920.088283000
 2200.448254000
 2206.535893000
 2234.542625000
 2237.528233000
 2258.071827000
 2263.011264000
 2263.273855000
 2264.157953000
 2285.503297000
 2290.574454000
 2312.160960000
 2315.861113000
 2318.194855000
 2322.795308000
 2323.858878000
 2325.082510000
 2325.936936000
 2331.889181000
 2851.760044000
 2852.738873000
 2857.155097000
 2858.466403000
 2869.646153000
 2872.109694000
 2944.025306000
 2945.427887000
 2949.121804000
 2950.580981000
 2959.532107000
 2963.245016000
 2964.623815000
 3147.215260000


 P=      70.0000 V=    1119.4330 E=    -549.552335800
    0.000000000    0.000000000    0.000000000
   -0.126409000
   -0.116161000
   -0.112842000
  225.886233000
  228.193840000
  228.212460000
  229.975091000
  231.143445000
  233.374938000
  406.528547000
  407.526907000
  409.057925000
  409.148150000
  413.742626000
  419.006761000
  436.007364000
  436.104463000
  444.127091000
  453.293548000
  478.866638000
  486.745534000
  486.799973000
  489.571982000
  489.619269000
  493.593025000
  504.226476000
  515.694451000
  527.363812000
  528.917342000
  528.940662000
  571.727892000
  571.811583000
  572.456629000
  592.638471000
  592.719422000
  593.656914000
  593.758037000
  649.081104000
  649.152283000
  656.590921000
  757.771493000
  758.042050000
  765.232459000
  765.298448000
  767.152366000
  794.081003000
  804.599273000
  815.341804000
 1018.316228000
 1018.440897000
 1021.050735000
 1109.632161000
 1110.905728000
 1111.068214000
 1146.398726000
 1154.136055000
 1154.251119000
 1154.901770000
 1173.683815000
 1176.078116000
 1176.348985000
 1176.409284000
 1176.616352000
 1180.829996000
 1181.831685000
 1192.971001000
 1210.782241000
 1211.001080000
 1227.207790000
 1227.287006000
 1230.777136000
 1234.326967000
 1258.038272000
 1302.557206000
 1330.874867000
 1343.254802000
 1343.600590000
 1347.462371000
 1350.861574000
 1351.004260000
 1353.532150000
 1465.828977000
 1466.251881000
 1466.476088000
 1468.525832000
 1481.668432000
 1523.342340000
 1525.750970000
 1525.882471000
 1546.174098000
 1553.712700000
 1553.809065000
 1555.492613000
 1568.015573000
 1589.187581000
 1589.805973000
 1669.063136000
 1692.597896000
 1697.423031000
 1698.318346000
 1698.538567000
 1718.346022000
 1734.231874000
 1734.297586000
 1763.473058000
 1769.481948000
 1770.068503000
 1771.504816000
 1771.726795000
 1773.538706000
 1785.202545000
 1794.063983000
 1800.804540000
 1808.291652000
 1851.906349000
 1852.234542000
 1865.033306000
 1867.854397000
 1893.017561000
 1902.768701000
 1908.091677000
 1916.986130000
 1917.152471000
 1921.833625000
 1922.280642000
 1924.465140000
 1934.928935000
 1939.937949000
 1957.275348000
 1983.624830000
 2687.508398000
 2688.168001000
 2692.203574000
 2692.413412000
 2694.380558000
 2701.683617000
 2812.919127000
 2813.361416000
 2816.492590000
 2817.074001000
 2825.488856000
 2826.326905000
 2828.093943000
 3070.981453000
 weight
 0.0 0.0 0.0 1.0
