

 #v,#q,#freq,#unit
 6, 1, 144,16
 P=      -1.0000 V=    2283.9688 E=    -550.869263370
    0.000000000    0.000000000    0.000000000
   -0.606033000
   -0.410830000
   -0.221868000
   52.610092000
   73.503817000
   81.242543000
  105.547999000
  107.717585000
  109.636543000
  114.035106000
  114.116669000
  118.830383000
  119.271958000
  129.211217000
  134.582711000
  137.558348000
  138.002412000
  140.128103000
  145.618443000
  148.720159000
  150.086305000
  155.558658000
  156.846833000
  157.963443000
  159.848891000
  160.305122000
  162.605056000
  165.739609000
  171.556749000
  172.423899000
  173.298031000
  173.663685000
  174.938440000
  177.010455000
  177.492239000
  178.611064000
  184.199495000
  187.372698000
  190.795897000
  192.513188000
  199.644923000
  207.932942000
  215.374011000
  217.888060000
  220.750999000
  225.627348000
  226.800356000
  234.950198000
  522.799981000
  527.329060000
  528.883607000
  545.205452000
  555.401928000
  556.600212000
  563.020996000
  568.422292000
  572.638841000
  573.988163000
  577.065521000
  581.209333000
  588.942462000
  592.869003000
  593.379904000
  605.383200000
  606.061574000
  617.170615000
  622.302400000
  634.765750000
  636.056376000
  641.301751000
  642.363942000
  646.326194000
  652.212221000
  673.602505000
  674.629619000
  695.314950000
  706.173908000
  730.316338000
  736.950492000
  748.649968000
  752.041228000
  774.643070000
  782.865035000
  784.540330000
  800.816725000
  801.838475000
  814.326908000
  822.162076000
  836.133737000
  840.633284000
  843.747968000
  849.928052000
  871.099853000
  877.336360000
  902.916239000
  931.769857000
 1582.077347000
 1605.086830000
 1606.772353000
 1610.177382000
 1621.038169000
 1624.273074000
 1638.235997000
 1644.277920000
 1651.342895000
 1657.815133000
 1662.059791000
 1664.829836000
 1667.431621000
 1674.773017000
 1681.577415000
 1696.776337000
 3349.006328000
 3351.740356000
 3381.223360000
 3383.321799000
 3384.618137000
 3384.895264000
 3385.105860000
 3388.949231000
 3392.981565000
 3395.746958000
 3406.453918000
 3408.157793000
 3432.754934000
 3433.520751000
 3450.493890000
 3453.372355000
 3453.551134000
 3454.796142000
 3455.415620000
 3456.289610000
 3457.882688000
 3478.566724000
 3481.084488000
 3482.401542000
 3490.559097000
 3491.517959000
 3498.675172000
 3501.236972000
 3502.410333000
 3503.840700000
 3505.629430000
 3506.916947000


 P=       0.0000 V=    2182.8895 E=    -550.869408160
    0.000000000    0.000000000    0.000000000
   -0.384257000
   -0.315853000
   -0.204095000
   77.978245000
   94.988799000
  102.484793000
  111.331981000
  113.697780000
  116.676073000
  119.016654000
  121.875446000
  127.109223000
  134.355079000
  137.539405000
  148.571800000
  151.046485000
  151.392742000
  154.136152000
  162.445476000
  162.524292000
  163.990860000
  170.316746000
  170.757641000
  172.319138000
  174.417286000
  174.922260000
  176.982442000
  180.075737000
  183.094817000
  183.965459000
  184.044612000
  184.603710000
  188.139931000
  190.487414000
  192.719286000
  195.125198000
  203.159654000
  204.828261000
  210.628204000
  210.717827000
  220.326413000
  228.450985000
  234.555178000
  238.998158000
  243.629454000
  246.881307000
  248.047845000
  256.055063000
  530.654242000
  535.047416000
  536.145205000
  554.829098000
  566.711075000
  568.210070000
  575.190780000
  581.454530000
  583.040562000
  587.354890000
  588.512857000
  593.495008000
  602.728829000
  604.715099000
  605.592037000
  618.404530000
  619.103703000
  631.022426000
  634.774651000
  648.003456000
  648.216489000
  655.481001000
  656.760839000
  659.673599000
  666.158381000
  688.786064000
  689.979368000
  709.950765000
  721.652348000
  748.526596000
  752.659855000
  766.627970000
  772.064215000
  793.326595000
  802.666062000
  805.063077000
  821.748680000
  821.902843000
  835.058882000
  842.678782000
  857.694355000
  863.145498000
  865.871458000
  871.046879000
  893.963195000
  900.852996000
  927.856441000
  956.275556000
 1580.709519000
 1605.251884000
 1606.803601000
 1610.377055000
 1622.610791000
 1625.486888000
 1639.930133000
 1646.908158000
 1654.111982000
 1661.281881000
 1665.486317000
 1668.436979000
 1671.497695000
 1679.187332000
 1687.362608000
 1704.127677000
 3332.592354000
 3335.400664000
 3367.202870000
 3368.478248000
 3369.155046000
 3370.447240000
 3371.037317000
 3374.358516000
 3379.785444000
 3383.575186000
 3393.643951000
 3395.516320000
 3427.072767000
 3427.749842000
 3435.749923000
 3436.775925000
 3436.879135000
 3437.025764000
 3437.474338000
 3438.830285000
 3452.563517000
 3470.629123000
 3473.035531000
 3478.249301000
 3481.326897000
 3482.037747000
 3490.292224000
 3491.572571000
 3493.874150000
 3495.243269000
 3498.164022000
 3498.969472000


 P=      10.0000 V=    1664.2496 E=    -550.724686570
    0.000000000    0.000000000    0.000000000
   -0.218924000
   -0.197921000
   -0.180409000
  152.721941000
  155.485366000
  157.938673000
  161.901512000
  165.596904000
  177.795922000
  213.086566000
  224.469528000
  234.281998000
  248.423251000
  250.545060000
  251.517158000
  254.867911000
  259.487885000
  261.476780000
  261.754616000
  263.716084000
  265.356923000
  266.505965000
  268.085877000
  269.253966000
  271.676178000
  272.363532000
  273.165705000
  279.207825000
  285.890783000
  290.096844000
  291.755769000
  292.207014000
  307.006235000
  315.619165000
  318.355695000
  322.119404000
  327.202302000
  348.869290000
  356.288366000
  358.635465000
  375.750119000
  378.905173000
  383.741843000
  401.920851000
  404.077578000
  412.200341000
  418.310522000
  419.395459000
  693.650972000
  699.546264000
  701.451073000
  728.902028000
  744.536547000
  748.221599000
  764.845775000
  768.489606000
  770.953524000
  774.713470000
  783.415037000
  784.395057000
  792.583036000
  799.551535000
  803.890116000
  806.459888000
  812.019636000
  818.364178000
  827.112061000
  831.224817000
  833.494013000
  841.720496000
  845.978942000
  850.365358000
  864.546900000
  880.628381000
  884.230796000
  905.955830000
  919.654237000
  948.208344000
  956.063394000
  980.902740000
  986.405361000
 1007.295584000
 1019.357533000
 1022.014729000
 1040.926239000
 1041.627363000
 1054.139186000
 1065.998026000
 1080.840016000
 1086.698330000
 1088.670094000
 1098.694272000
 1125.593540000
 1135.014077000
 1164.661546000
 1191.293895000
 1587.343995000
 1623.802717000
 1626.506694000
 1634.662625000
 1650.866594000
 1654.774158000
 1672.732457000
 1680.436755000
 1690.224384000
 1699.549458000
 1706.432184000
 1708.566805000
 1712.995332000
 1722.224138000
 1750.492226000
 1773.012824000
 3019.813430000
 3024.155128000
 3060.365193000
 3063.223449000
 3066.394081000
 3068.492786000
 3071.085879000
 3077.305135000
 3081.922059000
 3090.780735000
 3096.494156000
 3099.964791000
 3123.155053000
 3123.182285000
 3124.470526000
 3124.507887000
 3124.629133000
 3126.318357000
 3242.744236000
 3243.654678000
 3266.955718000
 3272.734896000
 3278.854414000
 3279.358260000
 3280.240293000
 3287.011735000
 3291.944936000
 3300.065054000
 3304.261139000
 3307.526618000
 3311.863753000
 3353.862072000


 P=      30.0000 V=    1361.5547 E=    -550.335762760
    0.000000000    0.000000000    0.000000000
   -0.208438000
   -0.184205000
   -0.148387000
  187.906225000
  190.918894000
  191.825712000
  197.622631000
  200.119789000
  211.948427000
  316.737213000
  326.882056000
  329.309930000
  334.756155000
  337.744137000
  340.404644000
  341.367030000
  344.567816000
  348.136008000
  351.441311000
  354.099718000
  356.237973000
  358.968965000
  364.908102000
  368.600598000
  371.828017000
  374.397229000
  383.300155000
  385.638006000
  394.621226000
  398.989653000
  407.313153000
  414.639623000
  429.200797000
  435.465312000
  441.265518000
  455.484307000
  468.947644000
  489.492696000
  496.912847000
  506.376037000
  520.571520000
  529.019221000
  537.844945000
  557.727191000
  567.991148000
  573.558939000
  586.729613000
  590.383706000
  839.344262000
  844.218412000
  846.441234000
  894.397709000
  909.906691000
  911.471358000
  937.446742000
  943.960012000
  946.565462000
  952.290378000
  959.372499000
  959.743413000
  968.424165000
  972.716086000
  976.603715000
  983.061078000
  989.886070000
  990.858474000
  994.798375000
 1002.224737000
 1004.527982000
 1019.218565000
 1026.752700000
 1030.011979000
 1042.435381000
 1055.411992000
 1064.731159000
 1080.498885000
 1092.563270000
 1120.103480000
 1134.130892000
 1181.108359000
 1188.376295000
 1206.353277000
 1215.117929000
 1225.889739000
 1242.083914000
 1244.667423000
 1256.174047000
 1267.401350000
 1283.586800000
 1287.795922000
 1289.616252000
 1301.736693000
 1333.359153000
 1347.699098000
 1382.236605000
 1389.147240000
 1597.572050000
 1643.570591000
 1651.336881000
 1661.255689000
 1683.476909000
 1688.126218000
 1706.719979000
 1714.360357000
 1725.823797000
 1740.543079000
 1747.766920000
 1748.603495000
 1759.052552000
 1766.976707000
 1830.611968000
 1856.485548000
 2600.386672000
 2604.485624000
 2648.039411000
 2648.560307000
 2649.660706000
 2650.690231000
 2653.966255000
 2655.764923000
 2674.258554000
 2674.495270000
 2681.087077000
 2682.518198000
 2703.230549000
 2704.416212000
 2705.298798000
 2706.735256000
 2706.896940000
 2707.582185000
 3027.325211000
 3028.166175000
 3043.953271000
 3048.596360000
 3053.442761000
 3057.755141000
 3082.067002000
 3082.764419000
 3101.809846000
 3106.474413000
 3108.171755000
 3110.421486000
 3115.291556000
 3233.128863000


 P=      50.0000 V=    1213.6799 E=    -549.936291940
    0.000000000    0.000000000    0.000000000
   -0.229765000
   -0.197630000
   -0.174213000
  210.599212000
  213.172041000
  213.259224000
  218.501881000
  220.193024000
  229.606192000
  368.889341000
  375.894723000
  380.648182000
  382.650843000
  384.234911000
  387.339680000
  392.276404000
  404.406926000
  405.808747000
  407.293458000
  421.295519000
  422.967223000
  423.511571000
  431.853977000
  446.476305000
  447.803599000
  447.917425000
  455.662965000
  461.602478000
  467.808167000
  474.565902000
  487.645475000
  504.091967000
  512.611042000
  521.369718000
  525.445317000
  553.603491000
  578.115967000
  587.498900000
  592.092275000
  614.201345000
  621.212800000
  634.278970000
  648.745612000
  670.900732000
  685.751530000
  690.262717000
  707.601206000
  713.269224000
  942.101037000
  945.303378000
  947.127452000
 1014.299349000
 1026.140134000
 1026.681825000
 1061.196837000
 1070.090324000
 1073.036633000
 1077.469915000
 1081.418508000
 1084.315732000
 1091.206305000
 1093.964142000
 1094.820732000
 1102.092298000
 1104.240224000
 1105.750277000
 1115.712599000
 1118.846023000
 1131.287894000
 1149.421310000
 1152.428045000
 1159.780543000
 1164.479319000
 1178.525761000
 1186.805189000
 1199.913682000
 1208.280242000
 1232.821112000
 1252.164386000
 1319.273331000
 1329.341432000
 1344.670451000
 1350.152395000
 1369.592109000
 1379.941148000
 1386.495535000
 1392.527009000
 1404.540997000
 1419.981236000
 1424.749905000
 1424.982036000
 1436.458450000
 1468.157674000
 1488.278550000
 1509.781372000
 1528.513280000
 1609.236330000
 1656.435336000
 1673.473701000
 1680.763546000
 1706.716614000
 1712.451312000
 1728.121280000
 1736.608898000
 1747.104296000
 1768.152251000
 1772.186804000
 1774.927450000
 1792.129272000
 1798.150975000
 1901.146713000
 1924.868284000
 2189.157179000
 2194.394059000
 2236.371312000
 2241.427287000
 2241.438339000
 2246.496719000
 2249.744793000
 2259.589443000
 2270.614879000
 2273.541667000
 2278.210082000
 2286.036146000
 2297.970847000
 2301.912967000
 2303.100541000
 2307.156638000
 2308.811818000
 2309.955018000
 2840.427099000
 2840.749875000
 2853.298837000
 2856.621382000
 2857.526922000
 2867.327645000
 2926.105487000
 2928.388811000
 2941.917264000
 2945.362560000
 2947.945614000
 2952.537276000
 2959.341334000
 3139.137430000


 P=      70.0000 V=    1118.9456 E=    -549.549368260
    0.000000000    0.000000000    0.000000000
   -0.235741000
   -0.199414000
   -0.176874000
  226.605001000
  228.381985000
  228.748644000
  232.402409000
  233.482700000
  240.531390000
  395.866654000
  402.104993000
  408.513439000
  411.617839000
  413.706399000
  416.655765000
  424.861298000
  437.291890000
  439.412960000
  450.726973000
  466.858484000
  468.711659000
  474.242405000
  486.137808000
  503.154615000
  503.670235000
  507.554358000
  515.672530000
  521.489468000
  526.780929000
  534.844810000
  550.080295000
  568.103489000
  572.284061000
  591.030175000
  593.602044000
  636.855016000
  647.635056000
  668.827763000
  676.103030000
  701.154444000
  702.837736000
  714.747053000
  740.028283000
  764.560920000
  782.141840000
  786.005333000
  806.177631000
  814.807546000
 1018.645176000
 1020.921128000
 1022.015550000
 1104.500354000
 1112.454509000
 1112.574498000
 1157.144672000
 1167.469653000
 1168.077708000
 1171.054296000
 1172.750346000
 1176.166878000
 1179.907808000
 1181.242234000
 1186.462254000
 1187.992783000
 1190.816945000
 1192.317902000
 1202.856676000
 1206.505708000
 1229.485734000
 1247.699827000
 1249.396035000
 1257.609675000
 1259.856489000
 1272.648442000
 1277.024930000
 1290.106586000
 1294.341251000
 1313.721990000
 1334.994746000
 1413.462257000
 1415.172332000
 1456.303509000
 1459.560243000
 1475.240475000
 1486.811836000
 1494.120735000
 1494.528355000
 1507.000654000
 1519.524102000
 1527.660014000
 1528.627334000
 1536.440842000
 1559.538229000
 1588.309594000
 1589.503065000
 1627.814959000
 1631.167902000
 1660.069347000
 1690.428025000
 1691.876635000
 1722.043498000
 1726.981358000
 1739.656291000
 1745.486630000
 1757.644822000
 1764.785676000
 1769.160260000
 1778.252444000
 1781.567390000
 1788.394336000
 1796.852115000
 1800.062667000
 1826.415840000
 1832.867788000
 1837.448169000
 1847.278549000
 1852.815415000
 1864.815555000
 1872.081558000
 1872.549635000
 1887.314195000
 1893.749059000
 1894.130742000
 1905.639719000
 1905.925968000
 1913.633340000
 1915.945156000
 1918.214765000
 1968.997476000
 1987.968182000
 2677.236251000
 2680.239806000
 2687.435618000
 2687.589917000
 2691.149053000
 2700.596000000
 2798.729795000
 2802.465171000
 2810.322269000
 2811.226157000
 2816.227764000
 2816.978416000
 2829.234662000
 3065.162950000
 weight
 0.0 0.0 0.0 1.0
