

 #v,#q,#freq,#unit
 6, 1, 144,16
 P=      -1.0000 V=    2289.5057 E=    -550.869161530
    0.000000000    0.000000000    0.000000000
   -0.675486000
   -0.546463000
   -0.464869000
   51.097253000
   73.941110000
   74.095414000
  103.048210000
  108.903996000
  109.077502000
  112.871578000
  112.973651000
  116.684536000
  125.107916000
  132.196501000
  132.711635000
  135.438028000
  138.811268000
  138.958483000
  147.347142000
  147.419439000
  147.469623000
  155.448392000
  156.147068000
  156.334975000
  156.619385000
  158.266626000
  166.764113000
  166.890957000
  167.816468000
  170.641328000
  173.205487000
  173.944327000
  174.282276000
  174.417016000
  175.255251000
  179.873830000
  179.968395000
  180.613230000
  192.245815000
  192.528482000
  201.439354000
  201.464805000
  209.073103000
  218.494293000
  219.729426000
  224.341758000
  224.524308000
  237.975757000
  519.358006000
  523.510410000
  523.771140000
  536.160981000
  556.829520000
  557.019339000
  561.118352000
  570.237637000
  570.497479000
  571.700587000
  578.550433000
  578.843584000
  580.737122000
  584.975122000
  598.157857000
  598.281795000
  598.708962000
  610.758514000
  611.827969000
  619.879639000
  634.014556000
  634.209826000
  638.134910000
  638.259776000
  638.806249000
  667.856305000
  691.522243000
  707.325896000
  707.377267000
  732.396504000
  744.921245000
  754.919714000
  755.191589000
  766.873814000
  769.439025000
  769.521732000
  798.975439000
  807.041002000
  811.167672000
  811.258912000
  826.769588000
  845.698424000
  845.777437000
  859.449675000
  878.587585000
  878.700104000
  886.843793000
  892.675643000
 1589.601824000
 1607.289665000
 1608.245437000
 1608.271448000
 1622.633238000
 1627.156419000
 1632.491301000
 1632.594284000
 1652.738997000
 1659.395619000
 1659.536725000
 1665.640312000
 1673.049170000
 1673.110707000
 1686.612024000
 1686.762029000
 3352.975959000
 3354.801108000
 3382.839224000
 3385.470219000
 3387.036821000
 3387.169971000
 3390.664035000
 3394.216900000
 3398.604897000
 3398.782755000
 3409.291563000
 3409.442850000
 3435.584720000
 3435.610100000
 3451.552894000
 3456.744387000
 3458.344651000
 3458.455746000
 3458.490287000
 3460.042571000
 3463.869132000
 3481.747504000
 3486.488516000
 3486.855368000
 3492.986887000
 3493.047430000
 3501.615503000
 3503.053870000
 3506.928996000
 3507.009727000
 3510.581468000
 3510.666759000


 P=       0.0000 V=    2184.7223 E=    -550.869350810
    0.000000000    0.000000000    0.000000000
   -0.570570000
   -0.529954000
   -0.394319000
   76.965867000
   96.195089000
   96.341210000
  112.916227000
  113.071221000
  114.849908000
  118.192008000
  121.697377000
  124.147774000
  137.703909000
  144.686288000
  146.323965000
  149.288802000
  153.015456000
  153.151127000
  162.002497000
  162.024401000
  164.424596000
  169.783745000
  170.908620000
  171.072968000
  171.275254000
  174.160234000
  180.968298000
  181.208182000
  181.310310000
  183.004320000
  187.555094000
  187.803512000
  188.085063000
  188.477259000
  189.820975000
  196.924718000
  196.997600000
  200.494662000
  210.489064000
  210.763774000
  222.517334000
  222.565590000
  229.869950000
  241.870955000
  243.589182000
  245.477566000
  245.673691000
  260.332580000
  529.416322000
  532.288670000
  532.619445000
  548.775180000
  570.480621000
  570.760942000
  576.406975000
  583.276888000
  583.629598000
  585.567726000
  592.069613000
  592.433558000
  595.754080000
  599.941023000
  613.052394000
  614.082338000
  614.280450000
  624.770893000
  626.393007000
  634.163545000
  647.547543000
  650.477345000
  652.576286000
  652.841043000
  652.902914000
  685.036336000
  709.117133000
  725.863045000
  725.938802000
  752.271109000
  765.463422000
  777.191305000
  777.612649000
  788.968105000
  790.897028000
  791.225578000
  820.963935000
  829.982961000
  833.664255000
  833.847950000
  849.777826000
  870.555651000
  870.709600000
  884.742175000
  903.650901000
  903.820365000
  911.931984000
  917.986819000
 1588.683794000
 1607.916859000
 1608.557488000
 1608.591007000
 1623.838267000
 1628.125192000
 1634.301347000
 1634.419747000
 1655.391492000
 1662.526877000
 1662.718116000
 1669.383097000
 1677.470800000
 1677.560836000
 1692.388074000
 1694.407414000
 3333.607679000
 3336.369201000
 3367.053944000
 3369.982317000
 3370.591826000
 3370.673260000
 3372.693089000
 3376.083167000
 3382.585695000
 3382.688451000
 3394.585111000
 3394.904845000
 3428.705142000
 3428.721483000
 3436.411082000
 3438.356771000
 3438.612497000
 3438.996406000
 3439.039086000
 3440.403440000
 3454.074640000
 3473.519991000
 3474.022200000
 3479.304400000
 3481.372633000
 3481.526849000
 3491.388618000
 3493.157965000
 3496.553574000
 3496.598888000
 3499.754768000
 3499.882151000


 P=      10.0000 V=    1664.3935 E=    -550.724717320
    0.000000000    0.000000000    0.000000000
   -0.277709000
   -0.272592000
   -0.229214000
  155.019522000
  155.058251000
  155.653285000
  160.030391000
  164.503116000
  181.080793000
  212.794308000
  227.288079000
  227.357194000
  248.062858000
  249.808810000
  252.685706000
  258.756671000
  258.835978000
  260.970496000
  264.116800000
  264.195375000
  265.325304000
  265.986020000
  268.195029000
  268.973467000
  269.136292000
  272.668836000
  277.080312000
  278.501206000
  278.660091000
  281.472367000
  301.914055000
  302.182904000
  310.533448000
  311.874171000
  319.332852000
  319.500406000
  330.851575000
  348.579073000
  348.844958000
  352.245877000
  379.268988000
  379.415929000
  382.033022000
  401.701885000
  401.809033000
  411.464068000
  417.404825000
  425.383706000
  695.692456000
  698.020812000
  698.055252000
  725.755451000
  748.618745000
  748.929538000
  768.673250000
  772.417649000
  776.478403000
  776.826209000
  783.234869000
  783.742696000
  788.782828000
  799.143114000
  808.198929000
  808.935600000
  809.341738000
  811.564215000
  820.887086000
  821.728106000
  835.113055000
  836.639699000
  837.010989000
  841.858652000
  859.829493000
  876.417867000
  898.247461000
  927.661942000
  927.845929000
  956.521583000
  971.244162000
  989.891824000
  990.282757000
 1005.748196000
 1006.053755000
 1006.084468000
 1040.903663000
 1048.095169000
 1056.599657000
 1056.781935000
 1071.558244000
 1097.981045000
 1098.210518000
 1109.966293000
 1137.520388000
 1138.012184000
 1140.024362000
 1150.826662000
 1601.364763000
 1629.371684000
 1632.279647000
 1632.435426000
 1652.123666000
 1660.938905000
 1665.278930000
 1665.340771000
 1694.602751000
 1702.740096000
 1703.008158000
 1710.761235000
 1720.511194000
 1720.611735000
 1759.992637000
 1760.665608000
 3019.845167000
 3023.981006000
 3057.462192000
 3062.007293000
 3065.433376000
 3067.204959000
 3073.102455000
 3081.456005000
 3087.312465000
 3088.211633000
 3097.048405000
 3098.045618000
 3122.517505000
 3123.395440000
 3123.695508000
 3124.786242000
 3125.288623000
 3127.730068000
 3242.815598000
 3243.258093000
 3270.496055000
 3271.126795000
 3278.385921000
 3279.295103000
 3279.858023000
 3286.667733000
 3292.419980000
 3302.807375000
 3303.928262000
 3308.653629000
 3311.025520000
 3353.851704000


 P=      30.0000 V=    1361.6825 E=    -550.336042620
    0.000000000    0.000000000    0.000000000
   -0.235827000
   -0.215694000
   -0.187641000
  188.834557000
  190.190631000
  190.211352000
  194.782539000
  199.184027000
  214.185724000
  317.849387000
  325.953963000
  326.074694000
  335.072575000
  336.343704000
  341.419497000
  342.359450000
  344.433992000
  351.405917000
  351.453551000
  352.535560000
  352.962163000
  352.995712000
  371.081471000
  371.195031000
  373.066791000
  380.231007000
  383.336731000
  385.357489000
  385.500772000
  392.185715000
  414.195632000
  414.386191000
  435.098688000
  439.382395000
  439.495520000
  454.583874000
  478.705118000
  488.792599000
  489.150287000
  493.212808000
  530.666516000
  531.455326000
  531.489026000
  557.779168000
  557.982639000
  580.048905000
  589.318188000
  591.659796000
  841.754735000
  843.479778000
  843.932444000
  893.673775000
  911.645877000
  912.106784000
  942.114900000
  948.103254000
  951.629001000
  951.742008000
  960.758573000
  960.919293000
  967.709111000
  974.495377000
  975.656478000
  984.737884000
  984.792821000
  986.514007000
  987.243616000
  998.247706000
 1009.549288000
 1010.709100000
 1010.782575000
 1019.161959000
 1045.358618000
 1051.950239000
 1069.370200000
 1103.534027000
 1103.675824000
 1130.281606000
 1154.687041000
 1189.300316000
 1189.469895000
 1201.713594000
 1201.989295000
 1207.553640000
 1240.249967000
 1250.780902000
 1260.026856000
 1260.094137000
 1274.919746000
 1300.498503000
 1300.655376000
 1312.325173000
 1337.002249000
 1348.911339000
 1349.273589000
 1356.546181000
 1617.080400000
 1655.006473000
 1657.724423000
 1657.761095000
 1682.775793000
 1695.424375000
 1697.853561000
 1697.993116000
 1733.162239000
 1740.344068000
 1740.539171000
 1752.204981000
 1764.535201000
 1764.638766000
 1842.073481000
 1843.271407000
 2598.156419000
 2603.165558000
 2638.606227000
 2643.549606000
 2648.823735000
 2650.892888000
 2658.987172000
 2669.388161000
 2672.831015000
 2673.374168000
 2683.176078000
 2683.871412000
 2701.872500000
 2705.465851000
 2705.712914000
 2708.182269000
 2708.490630000
 2710.686226000
 3027.690713000
 3027.710893000
 3044.996558000
 3045.987096000
 3053.815942000
 3059.965612000
 3082.737059000
 3083.016419000
 3105.884090000
 3106.970228000
 3108.746883000
 3111.845843000
 3112.203559000
 3233.439202000


 P=      50.0000 V=    1214.5069 E=    -549.938496240
    0.000000000    0.000000000    0.000000000
   -0.198946000
   -0.159941000
   -0.145046000
  210.685723000
  213.004979000
  213.072068000
  217.388249000
  221.737431000
  234.749897000
  374.075921000
  374.176972000
  374.447468000
  380.908126000
  385.892883000
  389.673967000
  392.018988000
  405.859078000
  408.145511000
  408.295685000
  416.508532000
  416.650577000
  417.813621000
  442.352978000
  445.594363000
  445.642753000
  453.181557000
  455.733425000
  459.655737000
  459.726762000
  475.167836000
  492.272744000
  492.350551000
  517.140888000
  523.839718000
  524.019252000
  563.622459000
  583.003100000
  585.867628000
  590.936264000
  591.446766000
  635.509033000
  635.719483000
  637.093977000
  669.915330000
  670.396697000
  701.829286000
  708.396216000
  712.644370000
  938.957220000
  941.681448000
  941.932297000
 1007.473351000
 1021.672214000
 1021.976809000
 1060.729491000
 1067.288532000
 1071.412278000
 1071.639678000
 1083.765972000
 1084.702577000
 1084.996788000
 1089.944525000
 1092.432920000
 1098.400364000
 1099.205735000
 1099.574958000
 1105.172766000
 1111.332789000
 1129.395517000
 1137.333216000
 1137.664349000
 1148.983910000
 1163.693055000
 1177.898741000
 1189.165290000
 1218.679479000
 1218.795933000
 1241.381350000
 1273.043148000
 1318.275268000
 1318.672670000
 1338.718153000
 1339.130295000
 1349.058324000
 1376.513210000
 1387.270899000
 1397.151688000
 1397.419190000
 1412.755686000
 1432.420134000
 1432.767775000
 1442.452285000
 1463.371778000
 1489.211116000
 1489.557018000
 1489.980388000
 1631.944382000
 1677.354918000
 1679.938746000
 1679.999587000
 1705.374495000
 1720.810755000
 1721.080453000
 1725.350195000
 1758.280588000
 1763.325604000
 1763.456987000
 1777.625769000
 1793.192380000
 1793.396581000
 1908.450932000
 1912.995858000
 2189.173659000
 2203.185015000
 2239.291045000
 2246.824818000
 2253.602017000
 2258.113863000
 2269.784003000
 2273.295733000
 2274.790496000
 2283.125500000
 2292.660882000
 2297.199180000
 2306.680905000
 2317.364747000
 2318.265833000
 2319.113370000
 2322.069429000
 2326.590028000
 2845.729492000
 2846.523896000
 2859.518391000
 2861.610641000
 2864.549974000
 2874.779358000
 2931.329257000
 2932.124412000
 2953.022886000
 2954.513993000
 2956.489338000
 2956.823637000
 2962.323417000
 3143.519723000


 P=      70.0000 V=    1119.0841 E=    -549.549893420
    0.000000000    0.000000000    0.000000000
   -0.179523000
   -0.156935000
   -0.132006000
  226.831512000
  228.516247000
  228.533151000
  231.652833000
  234.196539000
  243.732309000
  400.976562000
  400.997509000
  402.662671000
  409.032751000
  416.382414000
  419.509490000
  426.341206000
  438.775247000
  438.891873000
  450.993541000
  463.474565000
  463.539210000
  469.900931000
  494.746408000
  504.826294000
  504.850636000
  511.532268000
  518.384208000
  520.009711000
  520.083592000
  538.768207000
  553.571041000
  553.672152000
  574.097468000
  593.462454000
  593.519541000
  643.186475000
  657.648991000
  675.918900000
  676.089347000
  676.382241000
  716.769004000
  716.867220000
  726.029371000
  764.762008000
  764.939829000
  805.076378000
  805.467388000
  815.259674000
 1019.028513000
 1019.751089000
 1019.901460000
 1103.193614000
 1110.991230000
 1111.178339000
 1158.869085000
 1164.841718000
 1168.578920000
 1168.685172000
 1176.867808000
 1178.523624000
 1180.858447000
 1181.034349000
 1182.906768000
 1186.994078000
 1193.917705000
 1193.919465000
 1194.025867000
 1194.911979000
 1225.350103000
 1239.806207000
 1239.818069000
 1253.596466000
 1254.419453000
 1277.596890000
 1281.874918000
 1304.480657000
 1304.548041000
 1320.525431000
 1355.059133000
 1404.899197000
 1404.970729000
 1453.409747000
 1453.487082000
 1463.186393000
 1482.117830000
 1496.527822000
 1504.856988000
 1504.915167000
 1521.670606000
 1532.026388000
 1532.187480000
 1539.910961000
 1558.336146000
 1580.251887000
 1590.646457000
 1590.951573000
 1644.287273000
 1690.337636000
 1697.328124000
 1697.540642000
 1717.342623000
 1726.401698000
 1732.346140000
 1732.448130000
 1767.064116000
 1771.911569000
 1771.997558000
 1775.831467000
 1789.199646000
 1792.602083000
 1797.877445000
 1798.517069000
 1820.822012000
 1825.376782000
 1851.057103000
 1853.505352000
 1856.793404000
 1869.816313000
 1869.828961000
 1870.458546000
 1891.101324000
 1891.991507000
 1893.136188000
 1911.656169000
 1911.983392000
 1913.999580000
 1917.651443000
 1927.076960000
 1977.372493000
 1978.690375000
 2678.380514000
 2679.244040000
 2690.357336000
 2691.069800000
 2693.976859000
 2699.778606000
 2800.683983000
 2801.452713000
 2816.751231000
 2818.264722000
 2818.526872000
 2819.020442000
 2821.943978000
 3066.314168000
 weight
 0.0 0.0 0.0 1.0
