

 #v,#q,#freq,#unit
 6, 1, 144,16
 P=      -1.0000 V=    2284.0496 E=    -550.870167100
    0.000000000    0.000000000    0.000000000
   -0.321121000
   -0.268484000
   -0.233569000
   75.027335000
   78.200593000
   91.027529000
  102.335423000
  106.997361000
  110.031650000
  110.669674000
  112.051160000
  113.665372000
  116.273350000
  119.026968000
  126.409715000
  136.631180000
  137.968049000
  140.225116000
  144.249599000
  147.285355000
  150.310151000
  153.777038000
  157.394149000
  158.101707000
  159.320574000
  163.058104000
  165.816777000
  167.250302000
  169.124603000
  172.585339000
  173.501852000
  174.465056000
  174.698563000
  176.612667000
  177.571540000
  182.099256000
  185.274695000
  185.395244000
  192.626904000
  198.946740000
  203.691115000
  208.170586000
  210.892717000
  215.813073000
  220.572450000
  221.623827000
  229.833886000
  240.086023000
  522.056796000
  526.559305000
  527.818626000
  546.164495000
  546.872006000
  554.297020000
  557.202454000
  559.659945000
  566.814172000
  572.162865000
  578.147152000
  584.316786000
  587.776326000
  595.742506000
  598.172136000
  609.116747000
  610.753722000
  613.238771000
  616.419124000
  620.313312000
  629.286639000
  640.421664000
  650.812784000
  654.903675000
  659.140165000
  676.764822000
  691.043193000
  704.569359000
  716.418264000
  720.560191000
  739.298556000
  747.905485000
  770.794065000
  776.588725000
  784.852615000
  795.361814000
  798.159780000
  803.843265000
  811.626480000
  820.038374000
  828.283999000
  833.213997000
  840.410130000
  871.753070000
  879.654885000
  890.665891000
  896.825626000
  927.617822000
 1589.752305000
 1608.009308000
 1610.905433000
 1611.827273000
 1621.678307000
 1632.160757000
 1632.608694000
 1639.823197000
 1646.292154000
 1652.388137000
 1654.739454000
 1661.875558000
 1664.955978000
 1672.122295000
 1689.795080000
 1691.127108000
 3350.376273000
 3352.144954000
 3381.628383000
 3381.965560000
 3386.542229000
 3387.735719000
 3396.685318000
 3397.638882000
 3398.195370000
 3399.016769000
 3403.149150000
 3404.624131000
 3405.943409000
 3407.219820000
 3451.145158000
 3452.949359000
 3454.580497000
 3455.042250000
 3458.383136000
 3477.901435000
 3482.138648000
 3482.585711000
 3483.444466000
 3484.140961000
 3487.117423000
 3488.799804000
 3490.531006000
 3491.001514000
 3501.439260000
 3501.992416000
 3504.671689000
 3506.022280000


 P=       0.0000 V=    2184.8000 E=    -550.870380920
    0.000000000    0.000000000    0.000000000
   -0.303584000
   -0.244419000
   -0.220510000
   95.924099000
   99.241116000
  109.026397000
  113.164355000
  113.914308000
  115.383785000
  117.657438000
  120.869768000
  122.242733000
  124.797871000
  128.329368000
  141.676072000
  150.446538000
  151.828749000
  154.352791000
  157.585245000
  161.831091000
  164.503766000
  167.100254000
  171.026433000
  171.815104000
  173.315518000
  177.698455000
  179.072802000
  181.532708000
  182.961274000
  183.741034000
  184.576509000
  185.178149000
  186.049881000
  190.048611000
  191.244534000
  196.591590000
  201.891451000
  202.459328000
  211.127356000
  218.592014000
  223.286448000
  229.025932000
  232.204344000
  236.323557000
  241.515352000
  242.541596000
  249.771700000
  260.756957000
  527.785829000
  531.657108000
  533.651438000
  554.493564000
  555.096142000
  562.467792000
  566.724358000
  569.430446000
  577.618558000
  582.376810000
  589.129147000
  594.275868000
  598.240161000
  606.533752000
  608.170041000
  620.051992000
  622.470789000
  624.437912000
  627.864894000
  632.131245000
  641.423283000
  653.248756000
  663.261193000
  667.871351000
  673.193362000
  690.921719000
  705.066194000
  720.022286000
  732.079700000
  734.943195000
  756.303254000
  766.638651000
  788.504373000
  794.041447000
  801.744165000
  813.620926000
  816.420193000
  824.779642000
  832.436289000
  840.735255000
  847.938711000
  853.952152000
  861.180844000
  894.078281000
  901.780547000
  914.696048000
  921.359508000
  953.545869000
 1588.237482000
 1607.658281000
 1610.768196000
 1611.809591000
 1621.862423000
 1633.103856000
 1633.899790000
 1641.014476000
 1648.011477000
 1654.228292000
 1656.912771000
 1664.433817000
 1667.671610000
 1675.319251000
 1695.320153000
 1697.095572000
 3333.603157000
 3335.649475000
 3367.031469000
 3367.981344000
 3374.059234000
 3375.260838000
 3381.335262000
 3382.079527000
 3384.511520000
 3384.891048000
 3392.984087000
 3394.344610000
 3398.510747000
 3400.004393000
 3437.091919000
 3437.992190000
 3440.679318000
 3440.748274000
 3454.641343000
 3471.305825000
 3472.086707000
 3473.229142000
 3475.560777000
 3479.202586000
 3480.109445000
 3483.673487000
 3485.852529000
 3487.428871000
 3496.086345000
 3496.616658000
 3500.144104000
 3502.046118000


 P=      10.0000 V=    1664.3884 E=    -550.725443830
    0.000000000    0.000000000    0.000000000
   -0.225958000
   -0.183701000
   -0.178501000
  155.102041000
  155.632357000
  156.268715000
  158.806053000
  163.146502000
  169.691091000
  227.960980000
  231.069866000
  235.751607000
  250.536422000
  252.468755000
  254.359070000
  255.235383000
  258.914403000
  261.449594000
  263.768426000
  264.215972000
  265.416012000
  266.370905000
  267.971868000
  269.843198000
  270.221940000
  271.861160000
  273.552680000
  275.882581000
  277.588959000
  286.364899000
  290.846375000
  294.603021000
  301.056449000
  304.880195000
  315.439224000
  320.109857000
  339.140383000
  340.745628000
  353.232352000
  370.646253000
  376.804839000
  388.018328000
  390.900448000
  399.182662000
  403.415166000
  404.010512000
  415.001761000
  423.925740000
  694.745100000
  697.794712000
  701.856808000
  735.967213000
  740.720722000
  743.885605000
  762.445222000
  766.054944000
  768.676589000
  777.803038000
  781.174439000
  786.498218000
  792.993856000
  795.206055000
  796.649956000
  806.000404000
  809.177291000
  812.820295000
  817.565610000
  825.394774000
  833.263348000
  843.084181000
  853.112496000
  861.809250000
  862.725718000
  887.662948000
  908.981454000
  915.842322000
  929.036539000
  934.991770000
  964.557363000
  975.657535000
 1003.473986000
 1013.807495000
 1022.711738000
 1033.983340000
 1040.073825000
 1042.908063000
 1051.936257000
 1058.732111000
 1072.153634000
 1080.212199000
 1085.133283000
 1122.249435000
 1132.527312000
 1147.856424000
 1154.586828000
 1190.084727000
 1599.020201000
 1627.229175000
 1631.454880000
 1636.284678000
 1647.446699000
 1662.284825000
 1662.974517000
 1674.685479000
 1684.756701000
 1690.832984000
 1692.353092000
 1704.523871000
 1708.561640000
 1720.007959000
 1761.287240000
 1764.176956000
 3021.553497000
 3026.068947000
 3063.132944000
 3064.692275000
 3070.162725000
 3072.974238000
 3090.013339000
 3090.519271000
 3091.676598000
 3093.773405000
 3093.912209000
 3095.045275000
 3095.823433000
 3096.185713000
 3124.923074000
 3125.871252000
 3126.284380000
 3126.634095000
 3264.324760000
 3265.277819000
 3268.308163000
 3269.907960000
 3272.407023000
 3274.554446000
 3286.473495000
 3287.212541000
 3291.384788000
 3300.382546000
 3301.989188000
 3302.818223000
 3308.337194000
 3354.728434000


 P=      30.0000 V=    1360.9710 E=    -550.335160810
    0.000000000    0.000000000    0.000000000
   -0.087511000
   -0.083049000
   -0.071638000
  190.513225000
  191.158850000
  191.793217000
  193.746479000
  198.507313000
  204.773024000
  327.828196000
  330.545321000
  332.977111000
  336.928183000
  339.975735000
  341.998969000
  342.331326000
  347.218926000
  351.791493000
  355.720103000
  356.429342000
  358.619394000
  359.651331000
  363.441364000
  367.935125000
  371.396996000
  376.199606000
  381.833412000
  389.710037000
  392.250081000
  396.933197000
  400.372999000
  403.299736000
  415.194731000
  429.451257000
  443.809384000
  457.224145000
  477.923596000
  479.895615000
  493.789525000
  515.584255000
  528.627844000
  536.089850000
  550.443472000
  560.433311000
  564.200795000
  566.329599000
  584.348087000
  588.373885000
  843.605812000
  844.661798000
  848.351573000
  903.681748000
  908.401717000
  912.025884000
  940.207403000
  946.082436000
  947.971636000
  953.347196000
  958.454319000
  962.679112000
  966.060058000
  970.078836000
  975.508399000
  978.310395000
  982.941524000
  989.259140000
  991.168693000
 1007.022616000
 1010.591193000
 1020.651169000
 1029.734208000
 1039.082237000
 1041.200564000
 1063.726516000
 1087.845670000
 1092.496805000
 1105.691557000
 1113.920062000
 1151.405490000
 1169.568752000
 1201.313702000
 1215.677294000
 1226.786963000
 1236.612109000
 1241.671240000
 1245.974579000
 1254.593258000
 1261.165038000
 1275.793268000
 1285.943549000
 1289.579343000
 1329.419901000
 1341.435490000
 1353.351854000
 1372.681802000
 1398.320872000
 1615.632759000
 1650.548137000
 1656.617238000
 1664.123438000
 1677.728444000
 1694.627648000
 1695.590592000
 1708.678620000
 1724.833166000
 1727.480615000
 1729.100713000
 1745.812420000
 1750.326825000
 1766.056336000
 1841.341717000
 1846.895879000
 2594.853068000
 2599.002223000
 2641.296301000
 2642.588381000
 2648.213532000
 2650.245604000
 2666.423122000
 2668.192772000
 2670.940687000
 2671.833592000
 2674.720801000
 2676.421115000
 2677.501839000
 2680.348118000
 2700.214159000
 2702.625470000
 2702.984000000
 2704.065455000
 3034.360129000
 3037.071434000
 3038.790227000
 3043.490145000
 3044.509810000
 3046.028607000
 3087.371201000
 3088.590265000
 3098.141767000
 3099.603125000
 3103.011945000
 3104.615268000
 3108.308740000
 3231.208443000


 P=      50.0000 V=    1214.6404 E=    -549.939732110
    0.000000000    0.000000000    0.000000000
   -0.155827000
   -0.141636000
   -0.125380000
  212.204158000
  212.866344000
  213.559196000
  215.336763000
  219.479057000
  225.455429000
  375.976596000
  377.750577000
  380.728699000
  382.676958000
  388.399490000
  388.930604000
  391.970856000
  403.371819000
  409.675979000
  417.432970000
  420.755593000
  424.195390000
  429.053967000
  434.223969000
  436.756718000
  447.268999000
  449.581247000
  458.463910000
  462.421345000
  467.102064000
  473.363335000
  474.925598000
  477.578210000
  497.829542000
  518.546447000
  539.226192000
  557.655060000
  577.266514000
  579.087960000
  595.252793000
  614.685009000
  633.680326000
  639.054958000
  660.587706000
  673.958647000
  677.080843000
  682.107959000
  702.651541000
  704.355525000
  940.054192000
  941.078207000
  942.741032000
 1014.227029000
 1019.359593000
 1022.266075000
 1058.147084000
 1065.083404000
 1067.611096000
 1070.919571000
 1077.357062000
 1080.335407000
 1080.606453000
 1085.821574000
 1089.642096000
 1094.047687000
 1096.585264000
 1102.058348000
 1107.071071000
 1126.295901000
 1129.224005000
 1141.882786000
 1147.847075000
 1159.223101000
 1161.843292000
 1179.432486000
 1198.698684000
 1208.376511000
 1219.475086000
 1228.452420000
 1268.741780000
 1295.168736000
 1333.513980000
 1349.126986000
 1359.647375000
 1366.096741000
 1376.425579000
 1382.127434000
 1386.175888000
 1394.243253000
 1409.023260000
 1420.327833000
 1423.000015000
 1460.182714000
 1474.246127000
 1479.961831000
 1512.787550000
 1522.212893000
 1635.610090000
 1670.076044000
 1676.496114000
 1685.067066000
 1700.228420000
 1716.355822000
 1718.364708000
 1731.146505000
 1748.128292000
 1752.977852000
 1754.715926000
 1772.256135000
 1778.756964000
 1795.405153000
 1907.224344000
 1913.759827000
 2200.709692000
 2204.935216000
 2249.803192000
 2255.088578000
 2257.006483000
 2259.321772000
 2278.580552000
 2281.922713000
 2282.379361000
 2285.210699000
 2293.679316000
 2297.440955000
 2298.375071000
 2304.246221000
 2316.553681000
 2319.645582000
 2325.267753000
 2325.604234000
 2852.141298000
 2856.290743000
 2857.770782000
 2862.156002000
 2868.840102000
 2869.830882000
 2938.202984000
 2941.507021000
 2946.568615000
 2948.909565000
 2955.982028000
 2960.111258000
 2966.581897000
 3145.724627000


 P=      70.0000 V=    1119.7180 E=    -549.553282350
    0.000000000    0.000000000    0.000000000
   -0.163393000
   -0.154872000
   -0.108104000
  227.206086000
  227.627325000
  228.281635000
  229.624941000
  232.258423000
  236.801753000
  403.319118000
  405.725165000
  408.541792000
  410.300851000
  419.232493000
  420.003292000
  422.917856000
  437.082297000
  441.909249000
  462.954624000
  468.587715000
  473.497696000
  482.659525000
  487.087627000
  492.444341000
  505.463135000
  509.541276000
  514.631326000
  519.680292000
  524.719886000
  531.793055000
  534.815738000
  539.119114000
  562.569827000
  587.915280000
  620.635081000
  641.278193000
  660.094159000
  660.385858000
  680.195502000
  693.287644000
  719.484990000
  722.513722000
  748.174003000
  767.990354000
  770.660407000
  777.629070000
  795.800169000
  804.643480000
 1016.588989000
 1017.030859000
 1018.191204000
 1104.402064000
 1107.524808000
 1109.272472000
 1152.898846000
 1160.545031000
 1162.767104000
 1165.286183000
 1170.288858000
 1172.132399000
 1173.355364000
 1176.080715000
 1179.259329000
 1182.191099000
 1185.452008000
 1187.756931000
 1201.300164000
 1218.536608000
 1221.660269000
 1241.413459000
 1242.070628000
 1254.439223000
 1258.719224000
 1272.316703000
 1283.882386000
 1296.782092000
 1304.248982000
 1312.452424000
 1351.948160000
 1381.788027000
 1425.231986000
 1443.664595000
 1465.508142000
 1476.199435000
 1483.427279000
 1486.777689000
 1488.741310000
 1498.160091000
 1511.392327000
 1524.640364000
 1525.215341000
 1555.933242000
 1563.654105000
 1571.858973000
 1606.141224000
 1615.528037000
 1661.882693000
 1683.797159000
 1689.296737000
 1696.012697000
 1716.226523000
 1729.505524000
 1733.045122000
 1739.318980000
 1757.438028000
 1764.452957000
 1766.960355000
 1779.439800000
 1787.681888000
 1789.823750000
 1803.772289000
 1811.109643000
 1836.906592000
 1855.165126000
 1856.474545000
 1863.378451000
 1874.619642000
 1879.804110000
 1883.595584000
 1891.560714000
 1903.916044000
 1905.486392000
 1908.099607000
 1918.960256000
 1923.933250000
 1926.930752000
 1937.877760000
 1939.576854000
 1973.657397000
 1979.752508000
 2686.177138000
 2691.727963000
 2696.640956000
 2698.346537000
 2705.980193000
 2706.091633000
 2807.856981000
 2815.334591000
 2816.410238000
 2818.897140000
 2821.920466000
 2830.669231000
 2837.853661000
 3073.252282000
 weight
 0.0 0.0 0.0 1.0
