

 #v,#q,#freq,#unit
 6, 1, 144,16
 P=      -1.0000 V=    2280.7804 E=    -550.869538200
    0.000000000    0.000000000    0.000000000
   -0.387044000
   -0.372577000
   -0.227719000
   70.134378000
   71.870285000
   75.706238000
   93.102849000
   97.214401000
  104.212400000
  108.855740000
  110.519599000
  111.995469000
  112.612007000
  125.720183000
  133.518712000
  139.056057000
  139.754494000
  141.539307000
  141.659673000
  142.991286000
  149.361324000
  153.259522000
  157.838489000
  160.774117000
  161.352243000
  162.143129000
  166.402913000
  168.225436000
  169.184892000
  169.928283000
  175.089536000
  177.763516000
  178.588355000
  179.478974000
  180.002309000
  183.073695000
  187.565639000
  188.123416000
  195.963270000
  200.086483000
  201.666704000
  202.273955000
  211.440470000
  219.796815000
  219.929904000
  222.776542000
  228.398955000
  249.250451000
  513.390578000
  513.915509000
  532.349681000
  543.001865000
  551.198701000
  556.750649000
  561.994613000
  562.366129000
  566.233213000
  571.990858000
  585.988817000
  589.394288000
  594.370837000
  594.748070000
  603.282071000
  607.278633000
  613.165920000
  616.032523000
  624.756285000
  631.497047000
  632.954107000
  635.910504000
  642.215078000
  647.400031000
  654.914493000
  680.742791000
  687.450750000
  714.123922000
  719.782166000
  737.709691000
  751.192801000
  761.068602000
  763.373719000
  767.474361000
  773.798270000
  790.150390000
  811.250943000
  819.910018000
  823.256688000
  826.260722000
  833.739980000
  835.690306000
  855.252162000
  881.205300000
  890.059739000
  900.741987000
  904.803310000
  936.691536000
 1603.654688000
 1611.150436000
 1615.285781000
 1617.061979000
 1622.333182000
 1625.569266000
 1625.899166000
 1636.805273000
 1651.152174000
 1656.511046000
 1659.652275000
 1660.104574000
 1663.086303000
 1664.916247000
 1692.590102000
 1697.160077000
 3347.449074000
 3349.343932000
 3378.603883000
 3380.909006000
 3382.321581000
 3383.280248000
 3393.699264000
 3394.908857000
 3395.114970000
 3397.042115000
 3401.399188000
 3402.042988000
 3403.132823000
 3405.766684000
 3449.195761000
 3449.842804000
 3450.504344000
 3450.707057000
 3452.702631000
 3475.906064000
 3477.482895000
 3479.417366000
 3479.934633000
 3480.122714000
 3484.623985000
 3486.309874000
 3487.365779000
 3490.321246000
 3497.374163000
 3499.841938000
 3501.603362000
 3504.205135000


 P=       0.0000 V=    2181.2785 E=    -550.869676220
    0.000000000    0.000000000    0.000000000
   -0.296506000
   -0.271189000
   -0.222962000
   92.085630000
   93.642512000
   95.958369000
   98.902080000
  108.541245000
  111.340566000
  115.274638000
  115.908356000
  116.633496000
  119.626647000
  143.549225000
  148.270408000
  153.425622000
  154.643546000
  157.045736000
  157.225055000
  158.122596000
  164.353843000
  167.257229000
  172.514775000
  174.853173000
  174.949294000
  176.112482000
  182.097568000
  182.659906000
  183.862229000
  185.125276000
  186.370288000
  188.780616000
  189.090251000
  189.854145000
  190.673955000
  194.420031000
  204.528623000
  205.504552000
  213.827907000
  220.641294000
  221.533333000
  221.968112000
  232.617299000
  240.237907000
  241.116306000
  242.192535000
  248.594806000
  271.455633000
  517.858477000
  519.220393000
  537.771718000
  551.078057000
  561.298063000
  565.644973000
  569.733552000
  571.622695000
  574.843097000
  581.102029000
  598.763639000
  600.566577000
  604.596682000
  610.076431000
  616.359363000
  618.673214000
  627.483249000
  627.960358000
  640.132203000
  644.209772000
  645.445574000
  650.120327000
  657.810734000
  660.069469000
  666.757592000
  695.087829000
  702.874055000
  729.200724000
  735.882684000
  753.766106000
  768.492550000
  779.186315000
  781.086847000
  785.139557000
  791.091728000
  809.221725000
  831.315322000
  840.743781000
  843.961163000
  845.936122000
  854.135858000
  858.329430000
  876.191734000
  904.290107000
  913.675279000
  925.536398000
  929.960486000
  962.271264000
 1604.036154000
 1611.712270000
 1616.453840000
 1618.839231000
 1623.834378000
 1627.248970000
 1627.318612000
 1638.654658000
 1654.538788000
 1659.468028000
 1662.704604000
 1663.165072000
 1667.116002000
 1669.023747000
 1699.035017000
 1703.660332000
 3332.092369000
 3334.203728000
 3364.735468000
 3367.066454000
 3367.848221000
 3369.367673000
 3382.236563000
 3382.965786000
 3384.508139000
 3384.883086000
 3388.651529000
 3390.071356000
 3390.910863000
 3393.332757000
 3431.654731000
 3432.439165000
 3435.589490000
 3435.992921000
 3449.934702000
 3468.487282000
 3469.108937000
 3472.414688000
 3473.257168000
 3473.691589000
 3475.089895000
 3477.235201000
 3478.765744000
 3483.645662000
 3488.897331000
 3492.578443000
 3494.857903000
 3496.801683000


 P=      10.0000 V=    1664.1240 E=    -550.724662700
    0.000000000    0.000000000    0.000000000
   -0.205785000
   -0.189991000
   -0.172069000
  144.666681000
  151.051626000
  153.300123000
  156.023634000
  156.161516000
  156.482604000
  225.931554000
  228.408080000
  228.506734000
  248.671742000
  252.234786000
  255.379022000
  258.139228000
  259.247228000
  264.730378000
  265.888983000
  267.346571000
  269.461078000
  270.031792000
  270.507256000
  272.781628000
  273.046899000
  273.898023000
  279.060312000
  279.306304000
  281.834528000
  288.901922000
  290.121836000
  299.618095000
  301.082810000
  303.402777000
  307.939365000
  308.825686000
  341.302795000
  344.482891000
  348.621731000
  372.264827000
  377.445310000
  379.110619000
  389.493394000
  392.185680000
  404.381802000
  404.833729000
  411.315817000
  445.326600000
  687.595189000
  688.561260000
  701.176938000
  734.072360000
  746.542127000
  749.531691000
  759.352351000
  762.763968000
  765.903462000
  774.987789000
  789.659198000
  791.437372000
  799.553298000
  800.629949000
  801.575517000
  802.933840000
  813.764350000
  821.736351000
  833.448181000
  834.594869000
  836.894994000
  842.828040000
  850.263591000
  851.753902000
  857.984272000
  890.549869000
  898.370066000
  927.213309000
  929.650144000
  950.179028000
  971.618684000
  980.940547000
  990.198508000
 1003.070263000
 1004.570235000
 1024.873791000
 1046.996552000
 1056.699168000
 1064.003795000
 1064.395849000
 1076.110215000
 1077.567101000
 1101.871420000
 1129.518681000
 1141.248463000
 1152.424998000
 1158.170134000
 1204.078993000
 1621.246227000
 1633.069757000
 1638.927413000
 1641.401674000
 1650.464363000
 1654.708994000
 1656.500998000
 1668.364856000
 1690.124294000
 1697.105289000
 1698.315751000
 1702.716252000
 1704.193661000
 1708.740151000
 1765.726813000
 1768.027550000
 3018.847905000
 3022.353665000
 3062.451048000
 3065.381352000
 3067.004321000
 3068.006263000
 3080.733433000
 3080.811953000
 3084.185012000
 3085.632581000
 3099.527704000
 3100.362525000
 3101.680462000
 3103.853833000
 3123.659652000
 3124.943835000
 3125.375592000
 3125.687884000
 3258.671089000
 3261.595628000
 3269.456219000
 3269.881241000
 3270.452364000
 3280.859312000
 3285.251531000
 3286.749624000
 3290.733860000
 3292.943493000
 3298.774638000
 3306.864602000
 3310.800563000
 3356.975808000


 P=      30.0000 V=    1361.1090 E=    -550.335223160
    0.000000000    0.000000000    0.000000000
   -0.112367000
   -0.108736000
   -0.094058000
  185.202677000
  188.014759000
  189.327993000
  191.044327000
  191.701642000
  191.995549000
  330.943062000
  335.337689000
  335.427148000
  340.404339000
  342.102747000
  344.549889000
  344.623299000
  346.400206000
  350.881795000
  351.755098000
  356.316652000
  357.403578000
  358.352633000
  360.969470000
  367.900066000
  371.062264000
  378.069006000
  382.881891000
  388.293265000
  388.797076000
  398.342193000
  403.678997000
  411.034936000
  416.929454000
  422.451428000
  444.320017000
  455.849795000
  477.941905000
  483.592594000
  488.004205000
  518.316959000
  528.713021000
  532.261668000
  536.574519000
  546.678729000
  565.304757000
  570.985254000
  579.464183000
  617.838563000
  838.734129000
  840.542571000
  845.911404000
  903.536991000
  911.126660000
  914.130594000
  938.683642000
  944.718646000
  945.054579000
  956.316706000
  963.199349000
  965.879364000
  971.599666000
  972.100582000
  975.108663000
  975.351180000
  986.016373000
  997.676122000
 1010.767043000
 1013.372881000
 1014.838059000
 1025.888278000
 1026.873323000
 1035.209863000
 1040.292873000
 1067.371822000
 1078.720296000
 1103.924677000
 1106.189915000
 1122.872160000
 1150.456645000
 1152.404928000
 1174.217496000
 1207.856468000
 1209.275633000
 1224.714518000
 1247.950994000
 1251.591734000
 1262.810674000
 1267.163556000
 1280.350698000
 1284.085488000
 1306.364014000
 1329.874643000
 1349.869044000
 1358.710360000
 1369.000726000
 1413.344759000
 1645.230378000
 1661.595472000
 1664.799959000
 1670.143044000
 1682.360100000
 1686.350214000
 1691.213312000
 1700.194144000
 1727.120637000
 1732.208693000
 1737.655112000
 1739.126808000
 1742.667105000
 1752.370279000
 1844.333252000
 1847.037342000
 2589.109780000
 2595.394716000
 2639.308214000
 2642.229588000
 2646.422607000
 2646.939902000
 2658.083696000
 2659.993531000
 2665.523730000
 2665.941451000
 2683.326930000
 2683.773652000
 2690.419718000
 2692.767250000
 2703.217449000
 2704.604493000
 2706.053352000
 2707.090938000
 3030.743579000
 3030.905780000
 3040.600214000
 3045.611233000
 3048.018349000
 3057.166518000
 3084.738706000
 3087.236488000
 3094.837755000
 3097.784748000
 3104.950076000
 3109.861247000
 3113.089740000
 3234.269844000


 P=      50.0000 V=    1214.6186 E=    -549.939850970
    0.000000000    0.000000000    0.000000000
   -0.158327000
   -0.136153000
   -0.126677000
  209.734241000
  210.735538000
  211.688909000
  212.748167000
  213.118971000
  213.750419000
  381.039060000
  386.098858000
  386.841318000
  388.765137000
  391.108797000
  392.218886000
  397.032637000
  398.828279000
  407.648978000
  415.187177000
  424.956445000
  425.696675000
  426.112008000
  430.135208000
  437.292610000
  438.856297000
  447.835241000
  455.458323000
  456.854999000
  462.712869000
  471.581679000
  480.167369000
  489.623804000
  497.076549000
  508.773532000
  546.677380000
  564.090394000
  576.631448000
  581.161995000
  590.168770000
  617.759258000
  632.316091000
  637.194024000
  639.375848000
  655.783985000
  679.522515000
  688.916150000
  698.194381000
  737.351487000
  938.243290000
  939.281393000
  941.950833000
 1016.389298000
 1021.790530000
 1023.390217000
 1060.178095000
 1064.701587000
 1065.385297000
 1076.817066000
 1077.578121000
 1082.140470000
 1085.888643000
 1087.473629000
 1090.620314000
 1091.524520000
 1100.536441000
 1109.253076000
 1129.016714000
 1135.876030000
 1136.636913000
 1145.828692000
 1152.774781000
 1154.000593000
 1168.002865000
 1182.577937000
 1201.023406000
 1216.713815000
 1221.158385000
 1232.637272000
 1257.603953000
 1261.680831000
 1290.438202000
 1345.622834000
 1348.415181000
 1360.944848000
 1382.014540000
 1383.424019000
 1395.220468000
 1402.096439000
 1415.666704000
 1421.164558000
 1439.662390000
 1456.626552000
 1484.341474000
 1490.232733000
 1507.108469000
 1540.686451000
 1666.912826000
 1682.763104000
 1684.167325000
 1692.999146000
 1706.025580000
 1709.820447000
 1717.069361000
 1719.713505000
 1749.794606000
 1752.825027000
 1760.057992000
 1765.612810000
 1769.589355000
 1783.172225000
 1907.884488000
 1913.914716000
 2192.710998000
 2205.660279000
 2249.180369000
 2255.985883000
 2258.708516000
 2259.577468000
 2273.307077000
 2278.505624000
 2285.647560000
 2286.172472000
 2294.738395000
 2295.655584000
 2305.454962000
 2306.322624000
 2318.650487000
 2320.405290000
 2324.679152000
 2325.272317000
 2850.646362000
 2852.493583000
 2860.590990000
 2865.496810000
 2866.776525000
 2874.793611000
 2937.792764000
 2940.354368000
 2947.726260000
 2949.518332000
 2955.063087000
 2962.119935000
 2962.969490000
 3147.619082000


 P=      70.0000 V=    1119.3218 E=    -549.551419330
    0.000000000    0.000000000    0.000000000
   -0.133842000
   -0.113265000
   -0.097642000
  226.519513000
  227.304757000
  227.522196000
  227.689657000
  227.871805000
  228.985819000
  407.047341000
  411.690883000
  414.276796000
  418.413159000
  418.989770000
  419.668804000
  424.833779000
  434.740423000
  441.245285000
  464.539124000
  475.406350000
  476.121636000
  476.812789000
  482.354776000
  489.175880000
  493.858957000
  502.564198000
  504.978110000
  515.913900000
  518.248894000
  529.475696000
  538.918558000
  553.132609000
  561.496257000
  576.730138000
  634.157961000
  655.636859000
  661.482300000
  662.861229000
  675.088101000
  697.588354000
  714.097305000
  720.063606000
  723.145631000
  746.566953000
  774.109796000
  786.551002000
  797.421632000
  835.258388000
 1017.000812000
 1018.231929000
 1018.935425000
 1106.911486000
 1110.500132000
 1111.387428000
 1157.802776000
 1161.159920000
 1163.184440000
 1169.854872000
 1171.715171000
 1173.974088000
 1177.901983000
 1180.028278000
 1181.693864000
 1184.066135000
 1188.684008000
 1194.940515000
 1222.757123000
 1230.856056000
 1234.126387000
 1240.763877000
 1248.481318000
 1254.900505000
 1262.879608000
 1276.961397000
 1295.666548000
 1300.941485000
 1307.471742000
 1313.981065000
 1332.498909000
 1342.998114000
 1372.113279000
 1456.745834000
 1459.362919000
 1470.331861000
 1485.276547000
 1491.278739000
 1500.401096000
 1507.648990000
 1519.044371000
 1528.326643000
 1540.287954000
 1549.274140000
 1581.204543000
 1582.166045000
 1606.404319000
 1625.801348000
 1685.700504000
 1690.978217000
 1699.863640000
 1704.145340000
 1717.863549000
 1719.943337000
 1732.874431000
 1733.227432000
 1750.468308000
 1756.357949000
 1758.955724000
 1767.172857000
 1780.442873000
 1785.745569000
 1788.686278000
 1795.499523000
 1827.238619000
 1837.617410000
 1856.828922000
 1858.209339000
 1864.538617000
 1879.562728000
 1884.039061000
 1886.477676000
 1890.691261000
 1892.009843000
 1904.661739000
 1908.494913000
 1914.573958000
 1927.950054000
 1928.740993000
 1930.800163000
 1974.391054000
 1978.481390000
 2681.658351000
 2682.060653000
 2692.151316000
 2696.386546000
 2699.092689000
 2704.918195000
 2805.657293000
 2805.950890000
 2816.781730000
 2817.921500000
 2818.868758000
 2826.626101000
 2828.264613000
 3070.815279000
 weight
 0.0 0.0 0.0 1.0
