

 #v,#q,#freq,#unit
 6, 1, 144,16
 P=      -1.0000 V=    2294.4666 E=    -550.870306400
    0.000000000    0.000000000    0.000000000
   -0.438639000
   -0.320249000
   -0.316308000
   77.903375000
   82.539898000
   85.445284000
   89.629961000
   99.860977000
  106.516365000
  108.875092000
  110.359229000
  110.766426000
  112.032424000
  113.951098000
  124.412467000
  136.255949000
  138.723360000
  140.634138000
  141.935336000
  143.895043000
  144.382976000
  152.865196000
  153.862573000
  157.485550000
  158.790209000
  162.597119000
  163.435547000
  167.612863000
  167.799342000
  170.400803000
  172.693581000
  173.154949000
  174.946910000
  176.167570000
  177.517160000
  177.658291000
  179.913535000
  182.901297000
  195.565474000
  196.764710000
  200.406834000
  204.991168000
  206.901929000
  214.136372000
  216.807552000
  219.717284000
  225.135930000
  247.372434000
  502.644939000
  512.637191000
  527.753190000
  531.533312000
  541.789714000
  548.778150000
  552.943139000
  555.569908000
  561.687166000
  566.077206000
  573.630052000
  578.200786000
  583.556743000
  587.132135000
  588.200298000
  595.639170000
  598.142469000
  609.970767000
  610.934943000
  617.805003000
  622.872566000
  636.379191000
  642.291391000
  654.763685000
  660.576257000
  663.952339000
  674.212099000
  712.432812000
  721.422635000
  724.776706000
  739.829840000
  757.656916000
  761.492280000
  773.090024000
  774.907608000
  791.886749000
  807.899639000
  810.777035000
  813.790451000
  819.632988000
  827.594053000
  830.287567000
  838.694212000
  866.961897000
  878.593072000
  890.981582000
  904.553877000
  912.585156000
 1602.818109000
 1605.692026000
 1612.437344000
 1616.355217000
 1627.888924000
 1629.264245000
 1636.194871000
 1636.910378000
 1641.254311000
 1646.345004000
 1652.394361000
 1655.081481000
 1663.400642000
 1665.377036000
 1684.035081000
 1700.063321000
 3357.545386000
 3359.836688000
 3386.930774000
 3390.931124000
 3391.451558000
 3394.486819000
 3402.725737000
 3404.179986000
 3406.331889000
 3408.150840000
 3408.829202000
 3409.656896000
 3411.226488000
 3414.361515000
 3457.429493000
 3459.469584000
 3459.615105000
 3460.566028000
 3463.672438000
 3483.430896000
 3486.611322000
 3488.011279000
 3490.065545000
 3490.757044000
 3492.260556000
 3493.658571000
 3494.887174000
 3495.754493000
 3507.001576000
 3507.705773000
 3508.470898000
 3511.707715000


 P=       0.0000 V=    2196.2577 E=    -550.871087300
    0.000000000    0.000000000    0.000000000
   -0.368690000
   -0.285106000
   -0.274313000
   97.804925000
  102.156850000
  103.013981000
  104.492667000
  108.458925000
  110.991502000
  113.602428000
  115.246692000
  115.534910000
  117.537287000
  130.839605000
  142.756166000
  150.113096000
  152.507648000
  154.340363000
  156.123666000
  157.449566000
  158.428041000
  166.970259000
  167.912352000
  170.975633000
  172.429944000
  176.730269000
  177.733801000
  180.988628000
  181.887441000
  182.662989000
  183.639012000
  184.826300000
  185.576817000
  187.603297000
  187.964137000
  191.154302000
  194.594860000
  197.685609000
  212.253191000
  216.172793000
  220.409360000
  225.632540000
  227.441817000
  235.124835000
  237.231630000
  239.723257000
  244.185884000
  268.061552000
  506.385030000
  517.121533000
  531.673329000
  537.653476000
  549.283425000
  556.183381000
  559.802841000
  562.687195000
  570.415032000
  574.046035000
  582.212872000
  587.133453000
  592.215928000
  596.624608000
  598.580148000
  605.289986000
  607.451442000
  620.631826000
  621.784400000
  628.549346000
  634.857028000
  648.357377000
  654.061803000
  667.174621000
  672.311545000
  676.591215000
  688.491846000
  726.870821000
  736.315145000
  738.383747000
  754.867233000
  774.107454000
  777.607811000
  789.285279000
  792.177492000
  809.525694000
  826.233661000
  829.837535000
  832.686304000
  839.054634000
  847.080478000
  850.338392000
  858.237443000
  888.367769000
  899.994625000
  913.711747000
  926.043620000
  934.703922000
 1602.635040000
 1605.933946000
 1612.879561000
 1617.348269000
 1629.163611000
 1630.655956000
 1638.053523000
 1639.285652000
 1643.148442000
 1648.619325000
 1655.052891000
 1658.380075000
 1666.669625000
 1668.892754000
 1689.132660000
 1706.438657000
 3344.558028000
 3347.769979000
 3375.890247000
 3380.081284000
 3381.781705000
 3382.668339000
 3392.300060000
 3393.635638000
 3396.994819000
 3399.345530000
 3399.782177000
 3400.489700000
 3403.724152000
 3405.737697000
 3445.467866000
 3446.322389000
 3447.228116000
 3447.747459000
 3460.741789000
 3479.027070000
 3480.916126000
 3482.335368000
 3484.722381000
 3485.212778000
 3486.108108000
 3488.333464000
 3489.308484000
 3491.818031000
 3502.189344000
 3502.808658000
 3504.614073000
 3506.595102000


 P=      10.0000 V=    1664.1422 E=    -550.725635640
    0.000000000    0.000000000    0.000000000
   -0.236745000
   -0.205083000
   -0.175358000
  150.410928000
  154.371577000
  155.909812000
  156.515091000
  156.942629000
  158.262665000
  232.908765000
  235.130018000
  236.884553000
  239.985426000
  254.458008000
  255.800690000
  257.570781000
  260.973100000
  262.800381000
  265.283218000
  266.409324000
  268.516390000
  269.257447000
  269.877560000
  271.123751000
  272.495370000
  273.635548000
  274.919285000
  276.295469000
  281.392862000
  287.767104000
  293.974418000
  295.432464000
  300.120659000
  307.011895000
  310.128665000
  315.893273000
  318.209148000
  334.182747000
  352.804357000
  370.858643000
  377.663563000
  390.699095000
  392.702676000
  401.135375000
  402.167937000
  404.559555000
  407.521413000
  439.890347000
  685.675440000
  695.857578000
  703.833651000
  734.886076000
  744.132270000
  750.087027000
  757.696743000
  764.195924000
  770.600931000
  775.400977000
  778.860050000
  782.988457000
  789.502296000
  790.465572000
  800.241238000
  803.463795000
  805.539994000
  815.592123000
  821.578522000
  823.085129000
  837.360263000
  844.720571000
  850.058841000
  864.037422000
  869.073241000
  877.609203000
  904.957108000
  932.548991000
  946.274401000
  950.776122000
  959.431997000
  990.134194000
  997.240210000
 1006.621353000
 1018.206931000
 1030.488429000
 1052.534489000
 1060.130653000
 1063.713573000
 1071.619384000
 1077.399629000
 1082.623902000
 1088.625350000
 1122.106588000
 1134.460055000
 1152.629461000
 1166.741923000
 1183.683779000
 1619.164382000
 1625.877583000
 1634.061414000
 1642.069788000
 1654.973355000
 1658.301783000
 1668.596182000
 1671.110454000
 1674.951759000
 1682.736689000
 1691.487716000
 1700.033038000
 1705.998791000
 1708.506693000
 1750.567130000
 1775.833706000
 3019.655488000
 3023.597776000
 3058.724956000
 3064.157568000
 3066.950651000
 3074.379730000
 3081.480672000
 3084.266488000
 3087.478367000
 3088.359165000
 3096.750947000
 3097.952898000
 3099.516681000
 3105.896162000
 3123.783751000
 3124.665771000
 3126.050210000
 3128.611831000
 3260.688117000
 3262.645652000
 3266.109648000
 3269.877233000
 3272.375298000
 3276.631730000
 3285.270559000
 3289.430677000
 3291.893559000
 3297.750732000
 3302.180821000
 3305.597332000
 3310.300819000
 3356.307249000


 P=      30.0000 V=    1360.9279 E=    -550.335496500
    0.000000000    0.000000000    0.000000000
   -0.120790000
   -0.096569000
   -0.080771000
  188.517819000
  190.134576000
  191.393930000
  191.613692000
  192.807143000
  193.300559000
  332.250258000
  333.615268000
  335.522846000
  339.438207000
  341.143481000
  341.972537000
  342.975729000
  345.753088000
  351.375616000
  355.524830000
  358.578688000
  358.940153000
  363.895799000
  366.473944000
  368.657899000
  370.666211000
  377.479737000
  378.270663000
  384.354316000
  396.425493000
  401.331904000
  404.505075000
  408.771139000
  425.580369000
  436.706700000
  438.957869000
  441.330920000
  447.234960000
  472.825648000
  492.298197000
  515.263258000
  528.506138000
  549.189951000
  552.107370000
  559.244345000
  563.721847000
  566.446039000
  574.241541000
  608.792402000
  837.878825000
  845.631580000
  848.850627000
  906.316500000
  910.947334000
  915.873526000
  939.417103000
  945.030358000
  949.970781000
  952.587482000
  954.704204000
  957.793328000
  963.933341000
  966.471898000
  972.844352000
  981.132075000
  984.564789000
  987.923317000
  996.906370000
  998.732317000
 1014.795519000
 1027.418479000
 1028.475352000
 1043.029205000
 1046.094286000
 1057.616790000
 1088.684364000
 1112.373984000
 1128.287274000
 1131.077529000
 1137.742419000
 1178.318064000
 1185.747585000
 1204.600823000
 1219.569562000
 1226.855783000
 1254.296716000
 1263.003870000
 1269.676141000
 1275.003757000
 1281.364006000
 1289.047736000
 1296.774056000
 1329.432221000
 1343.671635000
 1361.680115000
 1369.090034000
 1395.649836000
 1642.150660000
 1652.254634000
 1661.576884000
 1671.462468000
 1683.855844000
 1688.538233000
 1702.769992000
 1706.784825000
 1708.818410000
 1718.826425000
 1729.427884000
 1739.688460000
 1745.876418000
 1748.854034000
 1827.882489000
 1855.230358000
 2592.632054000
 2598.375750000
 2637.180952000
 2641.197394000
 2644.352137000
 2652.990600000
 2662.024440000
 2665.149353000
 2666.580982000
 2668.693233000
 2678.281535000
 2681.416952000
 2682.310303000
 2684.419409000
 2701.017903000
 2701.989280000
 2703.007628000
 2705.173935000
 3031.562895000
 3035.321518000
 3041.326853000
 3042.506787000
 3045.827882000
 3048.433760000
 3084.514634000
 3090.308459000
 3097.852442000
 3098.887980000
 3103.662325000
 3107.594788000
 3107.983581000
 3232.587168000


 P=      50.0000 V=    1215.1311 E=    -549.941741680
    0.000000000    0.000000000    0.000000000
   -0.133661000
   -0.125557000
   -0.118766000
  212.044868000
  212.482371000
  213.438239000
  213.759393000
  214.682591000
  215.424197000
  382.523448000
  383.234352000
  384.426283000
  387.382661000
  389.100328000
  390.853618000
  393.976735000
  403.325928000
  408.052540000
  421.117308000
  425.652119000
  428.675311000
  430.060274000
  430.739553000
  439.615917000
  440.330517000
  446.289657000
  449.687567000
  458.964735000
  470.711314000
  473.769174000
  477.073621000
  485.107866000
  511.362271000
  526.667222000
  534.162964000
  537.420599000
  542.314004000
  572.554910000
  592.494256000
  613.830045000
  632.657624000
  658.201207000
  661.184799000
  670.425551000
  677.579756000
  680.019546000
  690.369018000
  725.020299000
  935.937783000
  940.875576000
  941.887549000
 1015.363783000
 1018.878183000
 1023.275823000
 1057.550665000
 1062.669496000
 1065.315159000
 1066.421323000
 1071.315261000
 1075.528845000
 1076.012252000
 1081.146838000
 1086.053917000
 1094.204207000
 1096.842463000
 1099.748204000
 1110.565436000
 1118.468696000
 1125.424246000
 1145.813543000
 1153.250972000
 1162.939143000
 1165.421036000
 1177.804253000
 1203.577293000
 1224.114266000
 1239.948045000
 1242.776337000
 1250.827085000
 1293.138573000
 1298.929589000
 1338.635579000
 1352.532349000
 1356.690467000
 1385.293759000
 1393.392175000
 1401.865461000
 1406.577809000
 1414.679373000
 1420.743046000
 1429.038627000
 1459.145632000
 1475.753842000
 1480.619407000
 1505.317518000
 1524.252395000
 1661.307568000
 1673.898810000
 1683.893993000
 1692.701347000
 1705.893503000
 1709.667687000
 1725.536228000
 1730.392588000
 1732.680421000
 1742.855124000
 1756.393852000
 1763.527493000
 1770.940450000
 1779.127320000
 1896.001318000
 1918.364530000
 2202.297497000
 2211.205040000
 2251.471175000
 2255.789464000
 2260.465300000
 2269.331527000
 2278.776538000
 2282.691389000
 2288.689488000
 2292.811903000
 2304.790604000
 2309.856472000
 2315.504137000
 2317.254899000
 2325.026659000
 2326.563969000
 2334.602235000
 2338.271573000
 2851.019354000
 2859.351492000
 2866.406390000
 2869.319337000
 2872.561574000
 2875.154997000
 2937.654632000
 2947.239597000
 2953.728034000
 2955.249238000
 2960.899357000
 2962.758789000
 2970.573798000
 3150.003196000


 P=      70.0000 V=    1118.9601 E=    -549.549875290
    0.000000000    0.000000000    0.000000000
   -0.154661000
   -0.149770000
   -0.136760000
  227.923785000
  228.151920000
  228.825185000
  229.531138000
  229.723837000
  230.437007000
  407.816287000
  409.729519000
  411.373372000
  415.096912000
  416.383999000
  420.054822000
  422.705879000
  438.045392000
  441.615831000
  469.721899000
  472.709576000
  480.904252000
  482.996623000
  485.058277000
  491.215452000
  494.184868000
  503.342561000
  505.282861000
  517.656546000
  526.675514000
  531.346438000
  532.980436000
  543.966490000
  575.123067000
  597.480902000
  617.345666000
  621.423670000
  627.600006000
  660.530989000
  677.731784000
  694.398606000
  720.570807000
  746.641534000
  749.853825000
  766.270852000
  772.584463000
  776.734951000
  789.297834000
  822.488022000
 1018.535960000
 1020.833133000
 1021.464002000
 1108.807271000
 1111.278599000
 1113.861881000
 1158.781883000
 1162.463511000
 1163.881736000
 1165.401818000
 1169.670673000
 1171.080964000
 1175.064205000
 1179.415448000
 1180.927007000
 1188.316748000
 1190.050144000
 1191.489625000
 1208.357394000
 1219.247283000
 1221.163073000
 1243.111763000
 1256.935590000
 1263.688256000
 1265.984729000
 1275.538193000
 1292.149446000
 1310.025543000
 1323.847424000
 1334.232751000
 1339.004204000
 1375.352592000
 1376.437807000
 1451.312930000
 1465.458536000
 1468.271276000
 1493.289641000
 1501.919120000
 1507.853745000
 1516.108807000
 1522.663118000
 1526.265522000
 1534.115899000
 1556.503808000
 1568.312581000
 1577.053159000
 1611.264802000
 1614.645965000
 1675.874399000
 1689.485337000
 1698.401668000
 1701.154566000
 1712.999733000
 1721.984486000
 1734.700354000
 1738.439050000
 1742.529357000
 1754.001150000
 1760.525816000
 1763.437260000
 1773.968227000
 1787.611690000
 1790.829201000
 1792.607062000
 1813.078734000
 1829.994015000
 1831.910190000
 1838.278782000
 1861.350541000
 1865.420571000
 1869.028140000
 1876.235921000
 1889.783141000
 1891.832818000
 1902.915959000
 1905.635688000
 1909.023610000
 1914.318469000
 1921.337783000
 1927.268682000
 1966.017318000
 1982.767538000
 2672.068816000
 2678.765105000
 2691.118307000
 2692.751907000
 2694.889883000
 2697.781921000
 2796.807853000
 2804.140987000
 2813.310926000
 2814.406330000
 2817.997765000
 2820.279236000
 2827.572053000
 3066.975434000
 weight
 0.0 0.0 0.0 1.0
