

 #v,#q,#freq,#unit
 6, 1, 144,16
 P=      -1.0000 V=    2287.3761 E=    -550.868953500
    0.000000000    0.000000000    0.000000000
   -0.315536000
   -0.265203000
   -0.216204000
   67.822987000
   72.543833000
   92.131985000
   95.643127000
  103.397580000
  109.001818000
  109.723215000
  110.536318000
  112.512912000
  115.682796000
  120.448576000
  126.544552000
  131.299641000
  137.557466000
  139.268004000
  140.929328000
  142.877848000
  150.728105000
  154.376118000
  156.888704000
  157.751187000
  159.288327000
  160.085428000
  163.111667000
  167.054521000
  168.570013000
  172.464705000
  174.261801000
  175.180330000
  176.620292000
  177.696617000
  179.406890000
  182.982463000
  183.533526000
  184.721275000
  190.113883000
  200.264914000
  205.987500000
  208.932369000
  209.835114000
  214.658102000
  217.893200000
  224.227425000
  231.252233000
  242.244588000
  510.435515000
  529.363116000
  530.634504000
  536.943457000
  547.442019000
  552.911200000
  561.311295000
  561.609597000
  565.384448000
  570.479969000
  577.615028000
  585.173455000
  590.335117000
  592.961383000
  599.937493000
  605.648486000
  613.547134000
  620.375578000
  623.240128000
  633.498184000
  636.180513000
  641.552181000
  647.786322000
  654.281051000
  660.666707000
  669.010269000
  677.353283000
  700.377609000
  705.218909000
  717.228897000
  725.187995000
  736.952092000
  749.053768000
  781.415771000
  785.130542000
  794.835373000
  810.758299000
  811.097033000
  815.309283000
  819.782399000
  828.672007000
  832.419824000
  837.320101000
  852.545891000
  868.664400000
  882.479203000
  907.531066000
  930.688329000
 1592.289275000
 1597.837980000
 1604.791720000
 1622.016492000
 1630.266545000
 1632.590918000
 1639.026480000
 1641.333612000
 1646.600569000
 1647.800368000
 1653.277359000
 1661.348839000
 1664.007176000
 1671.367480000
 1675.918267000
 1702.294108000
 3352.473657000
 3354.653521000
 3383.074928000
 3384.453830000
 3384.952116000
 3386.414903000
 3388.156871000
 3388.652930000
 3401.319761000
 3402.924217000
 3405.432141000
 3407.057215000
 3434.112713000
 3434.392183000
 3452.859588000
 3454.207670000
 3454.800175000
 3456.536778000
 3457.317322000
 3457.649475000
 3459.308963000
 3480.799133000
 3485.313437000
 3486.709010000
 3488.785747000
 3489.516210000
 3501.468852000
 3502.459642000
 3503.588867000
 3504.567592000
 3506.794207000
 3508.361423000


 P=       0.0000 V=    2174.1668 E=    -550.868960480
    0.000000000    0.000000000    0.000000000
   -0.250302000
   -0.225414000
   -0.167456000
   92.890534000
   96.412812000
  109.164375000
  112.144287000
  114.102743000
  115.641943000
  116.542906000
  118.182540000
  120.375758000
  123.167482000
  139.744510000
  144.923749000
  149.120824000
  153.104989000
  154.720604000
  156.953430000
  158.407172000
  167.220891000
  170.454603000
  172.955758000
  174.512535000
  175.773966000
  176.380351000
  179.088619000
  181.996566000
  185.060278000
  186.669719000
  187.786739000
  188.505352000
  190.094237000
  191.005308000
  194.268772000
  200.955159000
  202.780287000
  204.342058000
  212.387738000
  223.799454000
  228.025674000
  233.222098000
  234.847815000
  236.421428000
  243.187335000
  247.438532000
  255.012246000
  266.884826000
  525.306921000
  542.670620000
  545.419602000
  555.009860000
  565.289504000
  571.489577000
  580.536675000
  581.191417000
  585.096698000
  589.243757000
  598.098469000
  605.164246000
  609.819756000
  613.408184000
  619.706028000
  625.808396000
  632.852099000
  639.141633000
  644.822576000
  653.396704000
  656.694068000
  663.755120000
  667.783303000
  674.751577000
  681.935759000
  691.072319000
  698.955563000
  723.195078000
  726.711086000
  740.699193000
  748.420698000
  762.135695000
  773.266184000
  808.330768000
  812.944980000
  821.494298000
  837.893186000
  838.775030000
  843.293809000
  846.783366000
  856.396424000
  860.636941000
  865.892743000
  881.582472000
  899.168271000
  912.339407000
  939.288121000
  962.353666000
 1592.557551000
 1598.555999000
 1606.138626000
 1624.286045000
 1633.385180000
 1636.017742000
 1642.286908000
 1645.227818000
 1650.960685000
 1652.012104000
 1657.473119000
 1666.318611000
 1669.055008000
 1676.968044000
 1682.720299000
 1711.254580000
 3326.464864000
 3328.680740000
 3358.748824000
 3360.780096000
 3362.096635000
 3362.362172000
 3363.853289000
 3364.737086000
 3379.739283000
 3380.281513000
 3383.743694000
 3384.004307000
 3419.712379000
 3422.526306000
 3425.778795000
 3428.692910000
 3429.341007000
 3429.659643000
 3430.567240000
 3431.482021000
 3445.918864000
 3466.931847000
 3468.098182000
 3470.015937000
 3471.385583000
 3475.428845000
 3484.018116000
 3485.636828000
 3486.553260000
 3488.656126000
 3489.989312000
 3492.747681000


 P=      10.0000 V=    1664.5143 E=    -550.724831960
    0.000000000    0.000000000    0.000000000
   -0.186593000
   -0.148334000
   -0.143585000
  152.559733000
  154.216527000
  155.067947000
  157.394089000
  159.437918000
  166.400455000
  224.974172000
  227.283980000
  247.481624000
  248.932888000
  250.065894000
  253.904217000
  255.608444000
  258.939285000
  260.520923000
  261.095330000
  264.967411000
  266.575500000
  267.771405000
  268.970318000
  269.060003000
  270.089943000
  272.544030000
  274.388760000
  277.969826000
  280.161215000
  287.324952000
  292.166875000
  295.165715000
  297.351918000
  307.840388000
  309.394826000
  321.103233000
  325.134617000
  344.025812000
  354.690508000
  376.539385000
  377.408019000
  379.624655000
  394.332650000
  398.311885000
  401.063497000
  410.062511000
  412.107277000
  432.348351000
  685.871138000
  698.245233000
  703.967230000
  730.938546000
  740.380826000
  747.741975000
  764.326338000
  767.761409000
  770.434646000
  772.860325000
  784.186218000
  792.226207000
  794.835423000
  800.711677000
  805.164418000
  810.947436000
  817.736079000
  822.125064000
  828.284331000
  834.081577000
  839.151633000
  844.953419000
  852.528493000
  860.537349000
  875.042773000
  878.849170000
  892.326919000
  916.264735000
  916.799223000
  934.957367000
  947.333405000
  959.495833000
  980.513711000
 1018.587576000
 1022.921464000
 1033.543640000
 1048.853027000
 1052.436201000
 1058.640806000
 1062.442687000
 1070.152114000
 1076.874414000
 1083.052634000
 1103.251872000
 1127.587722000
 1140.928225000
 1169.657380000
 1192.522937000
 1604.976324000
 1615.664623000
 1624.184681000
 1650.067066000
 1663.479779000
 1665.072288000
 1672.852009000
 1677.025855000
 1686.622434000
 1688.897913000
 1694.274270000
 1704.669831000
 1709.795155000
 1721.320072000
 1742.714389000
 1780.876350000
 3021.651300000
 3025.769900000
 3063.596953000
 3065.948857000
 3066.594524000
 3069.151611000
 3069.759332000
 3072.120448000
 3088.329883000
 3091.409673000
 3094.636865000
 3101.421242000
 3122.095505000
 3123.239372000
 3125.256212000
 3125.645307000
 3126.714876000
 3127.482199000
 3243.620236000
 3244.380084000
 3268.250055000
 3270.755677000
 3273.340823000
 3279.872978000
 3284.948581000
 3290.694024000
 3297.912952000
 3301.599433000
 3302.128676000
 3306.187777000
 3311.509480000
 3355.401381000


 P=      30.0000 V=    1361.5277 E=    -550.335754660
    0.000000000    0.000000000    0.000000000
   -0.082548000
   -0.074269000
   -0.062848000
  189.138704000
  189.524147000
  190.797417000
  192.755779000
  195.466413000
  202.278896000
  329.863681000
  330.848429000
  337.401563000
  338.332154000
  340.925687000
  342.746426000
  343.823164000
  345.868616000
  348.649673000
  350.718077000
  357.281421000
  358.841872000
  362.746466000
  365.416044000
  367.753444000
  370.615396000
  372.894528000
  382.502216000
  384.750746000
  388.134298000
  396.283725000
  401.371235000
  411.192614000
  428.803505000
  430.914067000
  434.331564000
  441.067786000
  455.439277000
  486.997159000
  496.344022000
  520.387943000
  529.943975000
  530.705565000
  556.128330000
  557.552525000
  561.859222000
  570.351917000
  580.012517000
  601.018999000
  835.426147000
  842.720792000
  848.014047000
  899.492045000
  906.259747000
  912.553041000
  941.548732000
  945.554349000
  948.268209000
  951.444100000
  960.209227000
  965.135661000
  972.022145000
  974.429221000
  978.200192000
  979.427381000
  989.917604000
  998.949419000
 1001.987140000
 1008.775627000
 1014.451465000
 1015.328364000
 1032.609640000
 1033.920544000
 1054.844938000
 1056.537914000
 1071.272127000
 1088.172898000
 1092.275926000
 1114.160706000
 1129.022705000
 1139.095055000
 1181.528372000
 1218.305040000
 1226.549082000
 1233.722633000
 1245.880533000
 1253.947009000
 1258.161832000
 1264.711962000
 1268.552025000
 1280.799993000
 1285.247401000
 1307.999396000
 1337.743779000
 1352.719613000
 1385.466872000
 1393.633711000
 1621.028797000
 1635.385308000
 1650.086095000
 1680.284319000
 1697.302202000
 1699.271733000
 1706.218253000
 1712.487955000
 1725.017857000
 1728.283764000
 1733.705546000
 1746.089313000
 1750.131754000
 1769.566081000
 1821.735094000
 1863.834911000
 2599.595469000
 2604.974113000
 2645.675685000
 2648.597707000
 2649.938149000
 2651.127375000
 2653.611265000
 2654.650343000
 2674.759492000
 2675.033764000
 2678.723524000
 2683.094395000
 2701.039285000
 2703.382426000
 2705.313890000
 2706.296323000
 2707.699612000
 2708.180796000
 3028.287045000
 3030.538667000
 3044.137857000
 3047.188838000
 3047.638304000
 3055.596557000
 3082.234811000
 3095.065430000
 3101.966353000
 3102.408562000
 3104.869369000
 3111.275282000
 3114.105110000
 3234.224395000


 P=      50.0000 V=    1214.9248 E=    -549.940210500
    0.000000000    0.000000000    0.000000000
   -0.122299000
   -0.114095000
   -0.105301000
  211.691346000
  211.846487000
  213.793810000
  214.942003000
  217.869461000
  224.599205000
  380.370205000
  381.517001000
  384.369393000
  387.198706000
  387.440143000
  391.071230000
  393.635509000
  401.116532000
  407.185929000
  411.994108000
  422.033865000
  424.491738000
  433.471237000
  434.477741000
  437.695935000
  443.273260000
  445.141138000
  454.681286000
  460.219430000
  469.415653000
  470.954660000
  476.488477000
  490.321798000
  510.790861000
  519.761719000
  523.890146000
  528.055853000
  553.304270000
  589.392349000
  598.669402000
  619.535922000
  634.715173000
  638.666093000
  669.551482000
  670.109818000
  676.394711000
  685.189213000
  699.261288000
  718.572988000
  934.494586000
  939.178972000
  943.342300000
 1012.237053000
 1016.761423000
 1021.845289000
 1062.348234000
 1064.524528000
 1067.364870000
 1070.551540000
 1078.549579000
 1080.752794000
 1088.259102000
 1089.213708000
 1091.931791000
 1093.225761000
 1102.278972000
 1108.730591000
 1115.871492000
 1128.707648000
 1133.368752000
 1142.292318000
 1150.870277000
 1155.214667000
 1174.091447000
 1177.037765000
 1188.958648000
 1200.766260000
 1207.149556000
 1228.244076000
 1247.126414000
 1254.373087000
 1318.848385000
 1350.331892000
 1363.848240000
 1367.041921000
 1373.909657000
 1389.176784000
 1391.284150000
 1399.237770000
 1401.715577000
 1415.682660000
 1418.647559000
 1438.995551000
 1472.212388000
 1491.202382000
 1513.539928000
 1527.573293000
 1636.838293000
 1650.946255000
 1672.790840000
 1702.072153000
 1720.850280000
 1723.759306000
 1729.616924000
 1736.338460000
 1750.310744000
 1753.056679000
 1760.393738000
 1774.289377000
 1776.309396000
 1802.967921000
 1892.618939000
 1929.015605000
 2205.715538000
 2214.760259000
 2254.089281000
 2259.636740000
 2261.720027000
 2262.340227000
 2269.280321000
 2273.600660000
 2289.988189000
 2293.057074000
 2293.333403000
 2296.594470000
 2314.567068000
 2318.476032000
 2321.574448000
 2321.984708000
 2326.374569000
 2326.749238000
 2852.633889000
 2854.581750000
 2864.558670000
 2866.279269000
 2866.974267000
 2872.614790000
 2936.898211000
 2944.630210000
 2951.050675000
 2952.191117000
 2954.586247000
 2963.148148000
 2968.755303000
 3147.778713000


 P=      70.0000 V=    1120.2317 E=    -549.555522760
    0.000000000    0.000000000    0.000000000
   -0.104209000
   -0.096948000
   -0.089456000
  226.346962000
  226.532445000
  228.391138000
  228.419827000
  230.607206000
  235.132218000
  408.994938000
  409.724882000
  412.859199000
  415.261476000
  416.402395000
  422.074798000
  425.183838000
  431.840492000
  441.134825000
  459.749937000
  469.456697000
  476.285073000
  487.974572000
  490.376265000
  491.876758000
  497.988973000
  502.231214000
  507.575647000
  521.542013000
  529.841376000
  534.616999000
  539.869359000
  553.570591000
  571.361929000
  589.554079000
  592.257579000
  598.626346000
  637.054151000
  673.390971000
  684.653483000
  699.942641000
  716.619411000
  729.360203000
  762.470512000
  764.391909000
  769.855861000
  780.882945000
  796.605811000
  815.111156000
 1011.448008000
 1014.611703000
 1016.393727000
 1101.378693000
 1103.825527000
 1107.840181000
 1156.111577000
 1159.642570000
 1161.288457000
 1163.845197000
 1169.681176000
 1170.933719000
 1176.183161000
 1176.931252000
 1180.502738000
 1181.931431000
 1187.496870000
 1190.516399000
 1200.654308000
 1223.893933000
 1226.105362000
 1240.282304000
 1243.259540000
 1249.849476000
 1265.352359000
 1268.263704000
 1278.667135000
 1285.560318000
 1291.904240000
 1310.220039000
 1331.545489000
 1336.744194000
 1418.524854000
 1444.984098000
 1471.337924000
 1472.757722000
 1478.169518000
 1492.727153000
 1496.038188000
 1502.394334000
 1504.262065000
 1517.348580000
 1519.418724000
 1535.343756000
 1569.276225000
 1588.169352000
 1597.463689000
 1621.776765000
 1651.392002000
 1660.685453000
 1689.255985000
 1711.046464000
 1732.428394000
 1736.023311000
 1743.445391000
 1749.411830000
 1763.673263000
 1765.687754000
 1772.750322000
 1785.200607000
 1786.673277000
 1795.394605000
 1806.838986000
 1818.831549000
 1858.947150000
 1861.800953000
 1864.516711000
 1872.746521000
 1881.853788000
 1894.679087000
 1896.025369000
 1906.272058000
 1909.300741000
 1919.379679000
 1928.744797000
 1935.915313000
 1938.431455000
 1940.712673000
 1943.278865000
 1945.708837000
 1961.653635000
 1990.034939000
 2694.979877000
 2696.795964000
 2703.229164000
 2706.559123000
 2707.875951000
 2715.221433000
 2815.452934000
 2817.878809000
 2823.917385000
 2826.410129000
 2827.306614000
 2834.405108000
 2843.473903000
 3078.309372000
 weight
 0.0 0.0 0.0 1.0
