

 #v,#q,#freq,#unit
 6, 1, 144,16
 P=      -1.0000 V=    2283.7457 E=    -550.866503510
    0.000000000    0.000000000    0.000000000
   -0.495586000
   -0.379058000
   -0.275153000
   88.109407000
   91.403901000
   91.600519000
   91.917745000
   92.095451000
   92.940267000
   93.474669000
  105.766386000
  105.887025000
  106.007411000
  106.109556000
  125.473953000
  128.886104000
  133.875953000
  144.335992000
  149.197962000
  153.086931000
  153.938154000
  154.043683000
  154.162650000
  154.271693000
  156.569985000
  157.129245000
  167.318495000
  167.345565000
  167.553636000
  167.611049000
  168.414397000
  173.677408000
  178.597307000
  183.624981000
  185.637521000
  185.688696000
  185.802615000
  185.908095000
  192.206127000
  196.105958000
  211.539516000
  211.578149000
  211.692489000
  211.883648000
  220.890670000
  230.515147000
  238.355374000
  242.155847000
  494.542086000
  504.414170000
  538.821552000
  565.392190000
  569.946605000
  570.324280000
  570.425813000
  570.758569000
  571.053252000
  580.270296000
  582.480582000
  589.259899000
  592.048040000
  592.298119000
  592.513052000
  592.880952000
  598.432115000
  601.326531000
  622.485215000
  648.413677000
  648.469620000
  648.891124000
  649.052902000
  652.096490000
  657.971739000
  672.648203000
  683.176029000
  693.174110000
  693.383149000
  693.670850000
  694.048305000
  700.527823000
  737.496080000
  802.947179000
  809.595838000
  809.686308000
  810.278199000
  810.766999000
  837.457814000
  841.962435000
  849.886713000
  850.221536000
  850.535554000
  850.877672000
  904.892320000
  908.027388000
  921.382418000
  980.019914000
 1578.487457000
 1593.295580000
 1618.826014000
 1630.376829000
 1632.778791000
 1637.075604000
 1637.152206000
 1637.401804000
 1637.462032000
 1655.830101000
 1655.843315000
 1656.294592000
 1656.326668000
 1666.735869000
 1672.864373000
 1723.247134000
 3349.760481000
 3350.595047000
 3381.219967000
 3381.846233000
 3382.362066000
 3384.827866000
 3397.140001000
 3397.479944000
 3397.895841000
 3398.163122000
 3400.283628000
 3400.611889000
 3401.047413000
 3401.257128000
 3449.881979000
 3450.475018000
 3451.427390000
 3452.599745000
 3453.247562000
 3478.590690000
 3480.256752000
 3480.494713000
 3481.033373000
 3481.380524000
 3484.992728000
 3485.246681000
 3485.795220000
 3486.084172000
 3495.985941000
 3496.703460000
 3502.355867000
 3503.635115000


 P=       0.0000 V=    2177.5647 E=    -550.866463570
    0.000000000    0.000000000    0.000000000
   -0.457936000
   -0.341420000
   -0.271500000
   93.803529000
   99.659036000
  103.263195000
  103.307129000
  103.467757000
  103.542634000
  114.736711000
  119.557911000
  119.921191000
  120.311348000
  120.481737000
  138.437396000
  148.960727000
  149.821109000
  158.643146000
  164.106228000
  167.222765000
  168.610267000
  168.733680000
  168.907525000
  169.073423000
  171.857862000
  173.765853000
  183.887381000
  184.150304000
  184.211802000
  184.386880000
  184.493280000
  189.307567000
  191.552152000
  195.335210000
  197.656783000
  197.720647000
  197.856054000
  198.038289000
  211.418149000
  215.698363000
  234.173945000
  234.207672000
  234.364373000
  234.583762000
  244.218215000
  251.479760000
  259.626093000
  265.666426000
  503.521133000
  515.517151000
  547.959758000
  576.911845000
  585.144851000
  586.098157000
  586.432300000
  587.027943000
  587.256759000
  594.060992000
  597.352855000
  601.325594000
  605.653583000
  606.094198000
  606.262789000
  606.844138000
  612.897383000
  615.944016000
  641.363254000
  665.296168000
  665.526793000
  665.740880000
  665.954367000
  666.435218000
  674.206167000
  690.369621000
  699.091250000
  711.001905000
  711.061471000
  711.541214000
  711.879696000
  722.367702000
  757.042879000
  827.409192000
  831.857415000
  832.005491000
  832.798764000
  833.241979000
  859.680726000
  867.319388000
  874.086616000
  874.639185000
  874.956831000
  875.491371000
  931.293416000
  935.853324000
  948.914499000
 1009.171688000
 1576.773333000
 1593.916748000
 1619.881508000
 1632.082427000
 1633.707361000
 1638.899564000
 1638.957830000
 1639.110122000
 1639.164773000
 1659.050582000
 1659.079297000
 1659.484533000
 1659.514260000
 1669.844419000
 1678.379135000
 1730.865841000
 3329.891867000
 3331.074887000
 3363.581314000
 3363.733523000
 3365.446545000
 3366.816621000
 3380.909142000
 3381.382535000
 3381.779639000
 3382.136003000
 3384.079385000
 3384.553324000
 3385.026970000
 3385.201273000
 3429.737498000
 3430.272779000
 3431.082636000
 3432.433202000
 3447.292735000
 3467.592260000
 3467.729762000
 3468.570532000
 3468.849417000
 3473.188069000
 3473.349400000
 3474.121170000
 3474.382699000
 3476.875125000
 3484.418071000
 3485.091649000
 3493.094921000
 3493.204102000


 P=      10.0000 V=    1663.4425 E=    -550.722085180
    0.000000000    0.000000000    0.000000000
   -0.230858000
   -0.187895000
   -0.142533000
  141.198558000
  146.874436000
  146.898729000
  147.107871000
  147.138578000
  148.187376000
  240.779753000
  241.215614000
  241.669222000
  242.146441000
  245.334849000
  247.426093000
  260.114719000
  260.434541000
  261.985304000
  266.359812000
  271.593518000
  272.915445000
  273.219852000
  273.340011000
  273.616948000
  274.052750000
  280.595756000
  285.460353000
  289.318355000
  289.692790000
  289.841235000
  289.967639000
  290.500667000
  306.428769000
  306.564649000
  306.853255000
  306.993886000
  307.873350000
  318.950258000
  349.894100000
  356.195176000
  394.985315000
  395.251807000
  395.341612000
  395.572836000
  400.496403000
  412.775358000
  413.825017000
  433.590913000
  667.171207000
  687.167769000
  705.963038000
  752.054962000
  755.588255000
  766.327560000
  771.697111000
  772.474405000
  772.679594000
  773.268231000
  773.802944000
  794.585975000
  795.194464000
  796.343616000
  796.926949000
  797.092785000
  797.567921000
  828.543656000
  845.751724000
  859.860955000
  859.987310000
  860.212399000
  860.615277000
  861.037898000
  870.358003000
  871.600775000
  876.014672000
  907.539933000
  907.765505000
  908.551510000
  908.890672000
  947.230176000
  956.023698000
 1053.956616000
 1054.095934000
 1055.304043000
 1055.853078000
 1057.414345000
 1072.529634000
 1093.629900000
 1094.212791000
 1094.810639000
 1095.217175000
 1110.548371000
 1164.820707000
 1167.679014000
 1186.451238000
 1257.201992000
 1577.255223000
 1610.321807000
 1643.582516000
 1657.265218000
 1664.771199000
 1666.278345000
 1666.493422000
 1666.680275000
 1666.782483000
 1694.747419000
 1694.907600000
 1695.001470000
 1695.231362000
 1709.233834000
 1729.227292000
 1803.629070000
 3019.976574000
 3023.609512000
 3059.954360000
 3065.628806000
 3065.968751000
 3070.738325000
 3085.260796000
 3086.468013000
 3087.719683000
 3088.255967000
 3089.918001000
 3090.915841000
 3091.606713000
 3092.212367000
 3118.942053000
 3120.350962000
 3120.616793000
 3123.049336000
 3262.271326000
 3262.742616000
 3264.543210000
 3265.104688000
 3278.632091000
 3281.051074000
 3281.755598000
 3282.875844000
 3283.682174000
 3284.171621000
 3288.407320000
 3307.465446000
 3310.598979000
 3354.316904000


 P=      30.0000 V=    1361.0398 E=    -550.333719940
    0.000000000    0.000000000    0.000000000
   -0.089729000
   -0.087342000
   -0.059159000
  182.097215000
  183.013922000
  183.050137000
  183.060385000
  183.077859000
  188.999999000
  334.558402000
  337.484541000
  338.797498000
  338.806979000
  338.874417000
  338.902923000
  348.107250000
  354.218680000
  354.824533000
  354.862549000
  354.865796000
  354.899845000
  355.681820000
  357.152632000
  369.493784000
  376.767632000
  380.920888000
  393.344934000
  402.795095000
  408.126211000
  408.150570000
  408.175686000
  408.201672000
  431.373547000
  431.426588000
  431.478046000
  431.511260000
  444.212691000
  456.962218000
  476.344900000
  504.253894000
  552.567313000
  554.696434000
  554.702036000
  554.772023000
  554.809761000
  570.753227000
  583.698341000
  600.511488000
  822.848079000
  842.455977000
  848.802187000
  916.525111000
  917.721071000
  925.241326000
  938.632832000
  952.352439000
  952.624314000
  952.735374000
  953.053882000
  963.385371000
  970.699257000
  970.904194000
  971.004051000
  971.208310000
  988.399836000
 1005.294592000
 1026.005903000
 1027.341128000
 1039.398079000
 1039.514385000
 1039.709489000
 1039.852472000
 1050.325171000
 1052.909515000
 1059.364132000
 1084.183761000
 1084.356061000
 1084.441997000
 1084.588471000
 1129.230486000
 1162.938070000
 1250.806303000
 1258.239765000
 1258.369618000
 1258.575283000
 1258.759093000
 1270.233726000
 1295.703746000
 1295.885047000
 1296.048001000
 1296.271275000
 1326.844310000
 1371.511699000
 1378.203529000
 1405.027376000
 1462.544514000
 1588.507284000
 1633.977675000
 1671.303678000
 1676.920888000
 1696.050451000
 1696.149177000
 1696.232803000
 1696.392758000
 1708.086315000
 1729.368731000
 1729.445902000
 1729.563124000
 1729.737304000
 1752.317449000
 1797.546001000
 1882.129644000
 2597.260696000
 2602.520350000
 2637.355055000
 2644.107938000
 2655.509521000
 2657.558872000
 2669.580421000
 2669.957905000
 2670.915514000
 2671.320017000
 2674.324657000
 2674.752635000
 2675.701525000
 2676.021639000
 2698.469015000
 2701.410123000
 2702.261428000
 2703.857296000
 3038.159783000
 3038.344286000
 3039.075954000
 3039.423635000
 3045.958138000
 3056.033907000
 3086.752494000
 3086.953973000
 3087.620747000
 3088.034136000
 3106.234712000
 3108.487543000
 3116.723256000
 3233.518391000


 P=      50.0000 V=    1214.6775 E=    -549.939299560
    0.000000000    0.000000000    0.000000000
   -0.138363000
   -0.117301000
   -0.077889000
  206.028569000
  206.042985000
  206.085533000
  206.097442000
  206.421474000
  212.423275000
  382.940514000
  385.118052000
  385.338241000
  385.442717000
  385.515649000
  385.611842000
  394.657177000
  409.903117000
  411.917300000
  417.090151000
  420.060668000
  420.181854000
  420.218226000
  420.376182000
  445.173985000
  448.593766000
  451.998160000
  464.049683000
  482.882654000
  483.211819000
  483.296894000
  483.330887000
  483.409504000
  527.917752000
  527.970335000
  528.019420000
  528.223534000
  530.244637000
  557.111715000
  567.433099000
  612.122504000
  661.372251000
  664.118250000
  664.223172000
  664.373298000
  664.465946000
  685.041752000
  705.279449000
  715.292769000
  926.857276000
  942.388697000
  943.464097000
 1024.922351000
 1028.169774000
 1030.279989000
 1054.019154000
 1072.237540000
 1072.543399000
 1072.632893000
 1072.991627000
 1077.349196000
 1087.195836000
 1087.578858000
 1087.635052000
 1088.103669000
 1109.489462000
 1122.937669000
 1128.141014000
 1159.121171000
 1159.236336000
 1159.667335000
 1159.941675000
 1160.120428000
 1167.762443000
 1174.678940000
 1190.273969000
 1197.108335000
 1197.231181000
 1197.263045000
 1197.324902000
 1235.919046000
 1308.204804000
 1346.103449000
 1392.866776000
 1393.197156000
 1393.205481000
 1393.431923000
 1410.278302000
 1427.094925000
 1427.473685000
 1427.749869000
 1427.902697000
 1461.305225000
 1498.712298000
 1515.095042000
 1548.696219000
 1570.763592000
 1610.551351000
 1655.301809000
 1685.169095000
 1692.383587000
 1715.026657000
 1715.108632000
 1715.163395000
 1715.333553000
 1744.187437000
 1750.962343000
 1751.128811000
 1751.187414000
 1751.334814000
 1783.309139000
 1866.954717000
 1940.178183000
 2204.555431000
 2210.469531000
 2239.087891000
 2254.193847000
 2276.998125000
 2278.809818000
 2280.251074000
 2281.031013000
 2283.005943000
 2284.063043000
 2291.720338000
 2292.575968000
 2294.327081000
 2295.532837000
 2313.390972000
 2319.792979000
 2320.270455000
 2322.723877000
 2857.793941000
 2858.276178000
 2859.751855000
 2860.245198000
 2860.725641000
 2876.883412000
 2939.761711000
 2940.225485000
 2941.549916000
 2941.995912000
 2954.556315000
 2961.003220000
 2969.922110000
 3147.503286000


 P=      70.0000 V=    1118.8556 E=    -549.548893050
    0.000000000    0.000000000    0.000000000
   -0.116241000
   -0.100557000
   -0.079361000
  223.643056000
  223.658370000
  223.672934000
  223.687376000
  224.377193000
  229.492020000
  411.468017000
  412.584145000
  412.597390000
  412.643535000
  412.675402000
  416.368679000
  427.760359000
  441.799385000
  444.715665000
  460.501731000
  471.059278000
  471.123943000
  471.151779000
  471.162433000
  494.451622000
  501.927343000
  508.310989000
  520.265440000
  539.828481000
  539.860514000
  540.042941000
  540.149770000
  544.680802000
  596.227029000
  609.862027000
  611.927250000
  611.929857000
  612.147372000
  612.169369000
  662.762823000
  707.657213000
  751.496330000
  751.539877000
  751.754894000
  751.777647000
  752.459843000
  783.771183000
  808.131841000
  809.498473000
 1012.285208000
 1021.863237000
 1022.717597000
 1113.100278000
 1117.078094000
 1117.848376000
 1152.662333000
 1168.598930000
 1168.717144000
 1168.936557000
 1169.214666000
 1171.258907000
 1182.201423000
 1182.322128000
 1182.608165000
 1182.774952000
 1194.125112000
 1205.299242000
 1234.373341000
 1259.117270000
 1259.128750000
 1259.348008000
 1259.368990000
 1263.603880000
 1267.294589000
 1271.252271000
 1286.132134000
 1286.147131000
 1286.233113000
 1286.258968000
 1294.828732000
 1315.249843000
 1399.905616000
 1427.779293000
 1503.660547000
 1503.675382000
 1503.737430000
 1503.790886000
 1522.781141000
 1531.203316000
 1531.259280000
 1531.512320000
 1531.527478000
 1560.482238000
 1590.640535000
 1620.741807000
 1633.571908000
 1635.017116000
 1653.991661000
 1668.816891000
 1675.409340000
 1715.042505000
 1724.491007000
 1724.516677000
 1724.599777000
 1724.755237000
 1732.297017000
 1763.424286000
 1763.516293000
 1763.681748000
 1763.777776000
 1792.097660000
 1799.522950000
 1800.446620000
 1813.567421000
 1825.394635000
 1856.016851000
 1856.415885000
 1857.577004000
 1857.976028000
 1867.368723000
 1880.359437000
 1880.850625000
 1881.925686000
 1882.278563000
 1882.939537000
 1897.463451000
 1904.361458000
 1912.640016000
 1913.236481000
 1942.839033000
 2000.167750000
 2679.873758000
 2684.707824000
 2684.983235000
 2685.417820000
 2685.668677000
 2701.583509000
 2803.614243000
 2803.844604000
 2804.199240000
 2804.485746000
 2810.706085000
 2817.303587000
 2828.496068000
 3065.908889000
 weight
 0.0 0.0 0.0 1.0
