

 #v,#q,#freq,#unit
 6, 1, 144,16
 P=      -1.0000 V=    2300.2987 E=    -550.870186170
    0.000000000    0.000000000    0.000000000
   -0.424862000
   -0.379331000
   -0.223295000
   68.989807000
   69.178988000
   81.693340000
  101.942671000
  102.144591000
  109.482315000
  109.535860000
  111.453503000
  119.410474000
  119.500715000
  122.113666000
  127.841486000
  134.961257000
  137.798895000
  137.981995000
  140.929726000
  141.243963000
  152.743564000
  154.415292000
  154.612249000
  156.099562000
  156.411170000
  159.153035000
  165.197599000
  165.372168000
  166.650921000
  168.892521000
  169.142341000
  169.190083000
  170.889039000
  176.932232000
  177.082857000
  181.495299000
  183.566664000
  183.654589000
  187.826449000
  194.628739000
  194.889210000
  200.625139000
  210.103557000
  213.305791000
  213.427979000
  219.594285000
  226.171041000
  235.112818000
  511.109441000
  515.212742000
  529.742366000
  537.312088000
  543.536012000
  549.618481000
  550.383929000
  557.777416000
  565.263444000
  566.414542000
  566.917400000
  571.552487000
  576.021648000
  576.189939000
  583.923852000
  594.392210000
  603.929020000
  604.817843000
  606.563443000
  625.727015000
  626.996504000
  627.739424000
  639.745639000
  651.526598000
  651.837751000
  668.178776000
  678.349345000
  680.382774000
  680.553331000
  707.345285000
  711.849034000
  712.153804000
  762.904007000
  775.144699000
  775.547380000
  786.720139000
  789.536421000
  790.614677000
  819.810614000
  820.087772000
  825.528243000
  841.122816000
  841.646108000
  852.637737000
  866.292688000
  874.220596000
  906.374337000
  939.413942000
 1581.571148000
 1582.556245000
 1606.816921000
 1617.427268000
 1624.817287000
 1625.094148000
 1639.540593000
 1639.649049000
 1648.513766000
 1648.744135000
 1648.826989000
 1657.647620000
 1657.821471000
 1670.525166000
 1675.836642000
 1700.346000000
 3359.605604000
 3362.224084000
 3388.711493000
 3393.036007000
 3393.822214000
 3394.630689000
 3396.189878000
 3400.942712000
 3403.807476000
 3404.215530000
 3417.083016000
 3417.895422000
 3440.912446000
 3441.116397000
 3460.312116000
 3464.294660000
 3465.053396000
 3465.287054000
 3465.953424000
 3467.878384000
 3468.799095000
 3485.090641000
 3489.206890000
 3489.616587000
 3504.921429000
 3505.532164000
 3505.703373000
 3511.685287000
 3511.929106000
 3512.341303000
 3514.740019000
 3520.580171000


 P=       0.0000 V=    2180.9240 E=    -550.869332510
    0.000000000    0.000000000    0.000000000
   -0.367728000
   -0.277712000
   -0.164630000
   94.641486000
   94.887540000
  106.026892000
  112.405228000
  112.471954000
  116.523427000
  120.331071000
  120.458323000
  127.716182000
  129.630877000
  129.867395000
  148.460807000
  148.551360000
  155.144709000
  155.208513000
  157.361584000
  158.659285000
  169.867197000
  171.032262000
  171.067726000
  171.589250000
  173.248422000
  176.559590000
  180.646036000
  182.773456000
  183.113274000
  183.781949000
  183.956809000
  184.220711000
  185.294132000
  192.606014000
  192.679538000
  201.951851000
  201.997343000
  206.967157000
  209.501442000
  221.121773000
  221.387952000
  221.556176000
  234.376649000
  238.915476000
  239.012202000
  247.346389000
  253.151619000
  258.129580000
  530.757948000
  533.763585000
  552.099044000
  554.467035000
  563.292759000
  577.308662000
  578.121667000
  581.345906000
  586.847550000
  590.333846000
  590.887767000
  592.399773000
  596.270340000
  596.848528000
  610.234442000
  610.777330000
  629.472068000
  629.636219000
  630.249516000
  642.414341000
  650.235719000
  650.730254000
  657.692153000
  673.111671000
  673.504657000
  687.497133000
  700.157105000
  700.402660000
  704.362626000
  732.608940000
  734.055759000
  734.362968000
  795.035919000
  799.968441000
  800.190301000
  819.005259000
  821.557850000
  822.132511000
  846.044701000
  846.202435000
  854.257276000
  868.200386000
  869.160571000
  881.260058000
  894.449086000
  903.723741000
  939.695673000
  972.083508000
 1580.376381000
 1581.629186000
 1604.265736000
 1622.449703000
 1626.089295000
 1626.314092000
 1645.646674000
 1646.023829000
 1652.245363000
 1652.966810000
 1653.783270000
 1665.206510000
 1665.389844000
 1679.575992000
 1685.008537000
 1712.695955000
 3333.316261000
 3335.306539000
 3364.183096000
 3367.959780000
 3368.807665000
 3369.084096000
 3370.294139000
 3374.843307000
 3383.887619000
 3384.684802000
 3390.969163000
 3391.970473000
 3426.242138000
 3426.368887000
 3435.921749000
 3436.488691000
 3437.180701000
 3437.245991000
 3437.416516000
 3439.209528000
 3451.861618000
 3473.530049000
 3474.124760000
 3477.830287000
 3479.060256000
 3479.725157000
 3486.455220000
 3492.451026000
 3494.029886000
 3494.092563000
 3497.059767000
 3500.288572000


 P=      10.0000 V=    1664.3701 E=    -550.725528610
    0.000000000    0.000000000    0.000000000
   -0.259524000
   -0.191354000
   -0.143132000
  154.642344000
  154.692075000
  159.489496000
  165.290636000
  165.377590000
  173.523232000
  224.671096000
  225.100388000
  236.712068000
  250.837683000
  250.990705000
  251.660756000
  251.998527000
  258.608260000
  258.988670000
  259.342334000
  263.237543000
  265.608602000
  265.876096000
  268.226017000
  268.449393000
  268.675209000
  273.670130000
  274.149157000
  286.299934000
  287.808903000
  290.001069000
  294.487006000
  294.550183000
  295.442354000
  309.733778000
  309.989281000
  326.444164000
  326.724068000
  353.780242000
  356.120586000
  358.193141000
  377.436463000
  377.618629000
  385.497449000
  403.876944000
  403.975799000
  413.777060000
  414.366857000
  419.991537000
  692.238298000
  702.840598000
  710.305834000
  722.941202000
  738.897336000
  753.897500000
  767.998464000
  768.459466000
  770.773562000
  778.308951000
  780.040825000
  782.755480000
  788.072764000
  788.649073000
  790.167697000
  810.723113000
  810.987892000
  824.946168000
  826.147471000
  834.710594000
  839.147517000
  839.906628000
  843.931417000
  866.097295000
  866.851298000
  868.195784000
  901.420937000
  902.429850000
  923.101541000
  934.451391000
  935.527412000
  937.613177000
 1007.191762000
 1013.906806000
 1014.882347000
 1037.172133000
 1038.326047000
 1039.165733000
 1069.061522000
 1069.865655000
 1085.509235000
 1090.724143000
 1093.346986000
 1113.044887000
 1130.452718000
 1141.417821000
 1178.546980000
 1209.748056000
 1588.867465000
 1589.077788000
 1626.934956000
 1642.748357000
 1656.602145000
 1656.955107000
 1676.603538000
 1676.824969000
 1690.959687000
 1691.379235000
 1694.332174000
 1701.733101000
 1701.871061000
 1723.920054000
 1740.709762000
 1782.927855000
 3020.338933000
 3024.390203000
 3063.687500000
 3066.082037000
 3066.984519000
 3068.002682000
 3069.587445000
 3074.374648000
 3083.972190000
 3087.978953000
 3099.899981000
 3103.604754000
 3124.031854000
 3124.194514000
 3125.053425000
 3125.246119000
 3126.529096000
 3130.151248000
 3243.047137000
 3243.530428000
 3269.464551000
 3271.141396000
 3279.673916000
 3281.457611000
 3281.953014000
 3282.967385000
 3295.117485000
 3301.165238000
 3302.308130000
 3311.754042000
 3312.481555000
 3354.642858000


 P=      30.0000 V=    1362.1911 E=    -550.337726640
    0.000000000    0.000000000    0.000000000
   -0.099695000
   -0.083983000
   -0.069765000
  189.514466000
  189.534944000
  193.470932000
  199.263752000
  199.297330000
  207.465491000
  323.426889000
  323.563658000
  333.872157000
  338.058321000
  339.291940000
  339.352421000
  339.410823000
  345.849637000
  346.099693000
  350.100514000
  350.137269000
  360.224214000
  365.928668000
  365.999580000
  369.279031000
  369.313625000
  370.167161000
  382.097656000
  390.715458000
  397.120340000
  405.304584000
  408.749080000
  408.832178000
  422.799703000
  433.410711000
  433.433935000
  455.628019000
  455.673817000
  480.741280000
  504.199478000
  504.913804000
  529.505964000
  529.671256000
  539.082204000
  567.519447000
  567.591285000
  572.236541000
  576.408282000
  590.723770000
  837.023713000
  845.580376000
  850.446388000
  890.606989000
  907.330188000
  913.601334000
  930.984980000
  945.592772000
  945.801699000
  953.797335000
  953.851859000
  953.946408000
  963.866488000
  964.244542000
  964.372208000
  977.505002000
  977.641140000
  990.351225000
 1009.279880000
 1014.106721000
 1014.403921000
 1019.454611000
 1020.920909000
 1033.427314000
 1040.818489000
 1040.980121000
 1080.928434000
 1081.064209000
 1103.353612000
 1108.002895000
 1108.224285000
 1141.623422000
 1211.659275000
 1211.720124000
 1211.930501000
 1240.377402000
 1240.495354000
 1240.655086000
 1269.516873000
 1269.813590000
 1283.576113000
 1294.771852000
 1294.817044000
 1314.226548000
 1339.853551000
 1353.239707000
 1395.668942000
 1409.558095000
 1596.135537000
 1602.857600000
 1646.502065000
 1669.713361000
 1688.392451000
 1688.449562000
 1710.199802000
 1710.341607000
 1728.243888000
 1728.322358000
 1740.274327000
 1741.429423000
 1741.570214000
 1772.987840000
 1816.551054000
 1865.899518000
 2604.343020000
 2607.646544000
 2649.063666000
 2653.719566000
 2654.245711000
 2654.693720000
 2655.676268000
 2664.239538000
 2676.265902000
 2676.881375000
 2689.894623000
 2690.814862000
 2708.567845000
 2709.386079000
 2709.647439000
 2710.022237000
 2712.680537000
 2715.491056000
 3030.691228000
 3030.865760000
 3052.037681000
 3052.363688000
 3052.442702000
 3059.641463000
 3084.854024000
 3085.076042000
 3104.886147000
 3105.231304000
 3112.599763000
 3117.533303000
 3119.249397000
 3235.876812000


 P=      50.0000 V=    1215.0018 E=    -549.940558870
    0.000000000    0.000000000    0.000000000
   -0.126007000
   -0.107946000
   -0.097471000
  212.340597000
  212.372359000
  214.992328000
  221.076297000
  221.100050000
  228.633378000
  372.390452000
  372.459838000
  379.155514000
  385.138410000
  386.466845000
  386.475637000
  393.580321000
  402.457036000
  407.044901000
  414.004728000
  414.057779000
  416.282401000
  436.105690000
  440.531369000
  440.573841000
  443.998126000
  444.033496000
  459.201373000
  462.942232000
  471.188460000
  486.009375000
  488.109496000
  488.159931000
  511.546862000
  520.123618000
  520.178387000
  553.026591000
  553.063307000
  562.332637000
  609.577639000
  614.172704000
  634.420999000
  634.496575000
  650.697471000
  684.128317000
  684.153830000
  684.826930000
  693.304889000
  712.961912000
  934.007572000
  943.382061000
  943.509692000
 1005.176877000
 1019.223415000
 1021.294993000
 1049.075641000
 1065.927714000
 1066.113921000
 1070.357694000
 1071.656088000
 1071.892788000
 1082.836285000
 1082.968878000
 1088.370613000
 1088.474873000
 1091.889738000
 1104.626704000
 1119.888251000
 1127.589486000
 1136.715473000
 1137.038022000
 1154.616125000
 1158.866986000
 1159.206412000
 1168.797971000
 1200.442944000
 1200.675455000
 1217.158162000
 1221.900513000
 1221.944214000
 1278.936666000
 1348.935930000
 1349.019418000
 1355.059137000
 1378.432401000
 1381.160270000
 1381.447886000
 1403.856343000
 1403.948717000
 1409.480530000
 1430.224063000
 1430.523659000
 1434.781583000
 1481.329711000
 1482.597671000
 1520.046068000
 1548.993537000
 1607.436453000
 1623.783893000
 1662.776169000
 1694.149127000
 1711.389926000
 1711.456458000
 1733.610338000
 1733.868442000
 1751.376575000
 1751.510054000
 1767.329193000
 1767.509260000
 1773.659450000
 1806.886670000
 1888.716507000
 1929.254062000
 2204.029147000
 2211.901391000
 2244.674867000
 2247.392013000
 2263.102278000
 2263.323835000
 2283.160563000
 2291.308290000
 2292.338806000
 2293.271614000
 2295.538904000
 2296.523444000
 2320.491279000
 2322.078893000
 2322.109071000
 2322.666312000
 2327.524616000
 2329.325365000
 2853.954119000
 2854.296737000
 2858.832830000
 2869.833582000
 2870.109973000
 2879.769947000
 2937.722641000
 2937.917759000
 2951.213615000
 2951.495890000
 2952.148522000
 2967.012414000
 2978.671422000
 3147.642341000


 P=      70.0000 V=    1120.0016 E=    -549.554536260
    0.000000000    0.000000000    0.000000000
   -0.198802000
   -0.174777000
   -0.099971000
  226.756715000
  226.794200000
  228.923478000
  232.223017000
  232.230707000
  237.765007000
  400.256396000
  400.345718000
  407.245680000
  416.083103000
  416.098899000
  416.949707000
  420.382897000
  435.251285000
  448.762291000
  452.892765000
  462.673966000
  462.758765000
  485.279084000
  499.112494000
  499.325147000
  504.232100000
  504.286238000
  510.914190000
  527.836084000
  536.279060000
  546.962148000
  550.761134000
  550.862567000
  575.336284000
  590.452186000
  590.493803000
  618.549190000
  635.431124000
  635.574729000
  696.938491000
  706.079602000
  716.230084000
  716.399590000
  743.987712000
  777.796182000
  780.971219000
  781.052809000
  789.848144000
  813.977302000
 1013.365570000
 1017.327531000
 1019.648933000
 1099.243626000
 1106.913747000
 1111.626238000
 1143.792705000
 1162.257400000
 1162.371205000
 1162.642581000
 1166.599299000
 1166.680908000
 1176.159538000
 1176.354093000
 1179.281640000
 1179.515235000
 1187.819418000
 1194.138452000
 1200.505592000
 1206.412752000
 1234.459341000
 1234.621704000
 1248.408395000
 1248.561231000
 1260.877760000
 1271.642377000
 1290.281739000
 1290.485020000
 1302.705149000
 1305.669797000
 1305.818820000
 1375.805331000
 1458.346571000
 1458.483138000
 1472.409438000
 1486.200873000
 1488.454537000
 1488.476258000
 1496.432337000
 1499.308865000
 1507.530962000
 1507.599707000
 1530.240570000
 1530.370029000
 1567.195372000
 1575.060947000
 1600.983836000
 1619.611803000
 1645.496400000
 1657.913338000
 1665.804654000
 1713.308441000
 1721.657703000
 1721.771442000
 1745.837923000
 1745.892011000
 1760.821294000
 1761.410118000
 1761.542177000
 1783.955874000
 1784.051626000
 1784.150926000
 1791.486638000
 1815.154197000
 1837.100912000
 1851.069655000
 1851.376876000
 1867.160874000
 1890.182652000
 1891.705947000
 1902.252222000
 1908.995268000
 1909.782221000
 1918.630856000
 1927.565809000
 1928.038030000
 1929.266314000
 1930.274727000
 1943.920776000
 1947.647076000
 1957.921895000
 1993.149704000
 2685.552900000
 2693.120369000
 2693.610683000
 2705.752253000
 2706.054725000
 2722.257011000
 2811.610106000
 2812.712211000
 2813.142933000
 2822.821378000
 2823.096319000
 2834.237768000
 2851.804818000
 3075.535223000
 weight
 0.0 0.0 0.0 1.0
