

 #v,#q,#freq,#unit
 6, 1, 144,16
 P=      -1.0000 V=    2289.9157 E=    -550.875667150
    0.000000000    0.000000000    0.000000000
   -0.400174000
   -0.329937000
   -0.307570000
   92.420443000
   92.521728000
   93.225453000
   93.626599000
   98.536320000
  112.447456000
  114.306794000
  115.763141000
  116.847324000
  116.900308000
  117.002986000
  117.060175000
  125.733562000
  136.810282000
  142.317054000
  146.159634000
  146.250851000
  146.541066000
  146.719385000
  156.588998000
  159.240813000
  159.428865000
  162.215404000
  166.019419000
  167.256936000
  169.866262000
  169.965788000
  170.292115000
  170.463754000
  171.111617000
  175.345773000
  180.932652000
  181.084414000
  181.257607000
  181.417271000
  189.999708000
  190.862267000
  206.734691000
  206.956300000
  207.248220000
  207.398236000
  207.791180000
  223.576369000
  225.420097000
  257.922512000
  518.868683000
  519.148570000
  520.049537000
  534.606036000
  545.472475000
  545.793526000
  546.544834000
  548.696133000
  549.504352000
  560.583455000
  573.145423000
  585.595431000
  586.325355000
  599.206074000
  607.182953000
  608.037544000
  608.874343000
  610.874042000
  613.991957000
  622.512786000
  622.779900000
  624.414021000
  625.521866000
  633.785907000
  663.548999000
  699.619754000
  708.589589000
  709.234370000
  711.040614000
  712.594934000
  724.677812000
  727.834987000
  748.064621000
  794.242261000
  802.168975000
  802.476479000
  803.219075000
  804.030654000
  827.400619000
  847.600035000
  848.081740000
  849.477845000
  850.356913000
  851.595478000
  865.938711000
  910.696071000
  918.681921000
  939.978862000
 1596.355660000
 1608.808626000
 1609.863843000
 1620.276639000
 1623.736678000
 1624.053959000
 1624.526920000
 1624.868379000
 1625.217313000
 1635.099114000
 1653.173669000
 1653.452563000
 1654.238870000
 1654.421827000
 1658.193425000
 1710.091533000
 3354.975904000
 3358.092304000
 3376.796425000
 3379.106108000
 3400.555308000
 3402.016841000
 3402.908074000
 3403.520601000
 3404.676216000
 3405.507169000
 3407.218929000
 3408.244832000
 3408.408548000
 3409.580306000
 3447.593995000
 3456.610257000
 3462.695017000
 3465.339734000
 3475.163173000
 3487.877792000
 3489.612695000
 3492.045144000
 3493.030353000
 3494.308295000
 3495.506393000
 3496.745050000
 3498.175859000
 3498.903922000
 3499.717026000
 3505.664021000
 3512.856878000
 3521.560910000


 P=       0.0000 V=    2167.7335 E=    -550.875851060
    0.000000000    0.000000000    0.000000000
   -0.305616000
   -0.291720000
   -0.245106000
  116.421806000
  116.549843000
  117.241479000
  117.586491000
  120.960548000
  121.464131000
  122.633275000
  123.377579000
  123.417062000
  123.473426000
  123.576631000
  135.486002000
  143.182480000
  156.671802000
  160.877311000
  163.949672000
  164.123234000
  164.364785000
  164.596410000
  173.341370000
  175.286262000
  176.852692000
  178.275767000
  180.920562000
  184.154202000
  184.402410000
  184.559474000
  184.861707000
  185.670473000
  187.805775000
  194.271082000
  200.753913000
  200.864361000
  201.089336000
  201.223089000
  212.967395000
  214.806721000
  232.955281000
  233.272599000
  233.362520000
  233.750691000
  235.431357000
  245.480227000
  250.994752000
  285.346052000
  537.709021000
  540.684777000
  542.785121000
  553.892378000
  567.177893000
  568.825568000
  569.581851000
  571.602744000
  572.710292000
  580.187124000
  594.372157000
  607.623360000
  613.603464000
  631.188411000
  634.562457000
  634.813270000
  635.836471000
  637.720225000
  638.257884000
  646.893147000
  646.994211000
  648.650951000
  649.799951000
  658.810324000
  688.182699000
  728.038252000
  737.894230000
  738.384473000
  740.128854000
  741.884287000
  753.387478000
  758.330976000
  780.992975000
  821.881011000
  833.623452000
  833.915333000
  834.637318000
  835.162715000
  860.205587000
  880.537162000
  881.201736000
  882.298932000
  883.957595000
  885.986463000
  899.867661000
  946.874507000
  954.956117000
  975.512687000
 1597.333514000
 1610.428312000
 1611.800470000
 1624.400480000
 1626.243496000
 1626.615400000
 1626.971850000
 1627.437878000
 1627.715400000
 1638.812840000
 1657.997813000
 1658.285466000
 1659.198560000
 1659.366913000
 1662.867210000
 1720.274713000
 3321.816276000
 3325.084853000
 3345.051927000
 3347.823818000
 3371.147548000
 3373.298092000
 3374.099481000
 3374.732210000
 3376.853550000
 3377.236356000
 3378.126790000
 3379.489782000
 3380.364819000
 3381.221132000
 3420.135879000
 3424.525243000
 3429.373447000
 3432.282699000
 3453.382047000
 3465.328279000
 3467.244946000
 3468.675561000
 3469.437572000
 3472.260027000
 3473.385509000
 3473.905650000
 3474.805161000
 3476.031341000
 3477.714631000
 3482.936071000
 3491.249556000
 3501.906710000


 P=      10.0000 V=    1665.2805 E=    -550.731034340
    0.000000000    0.000000000    0.000000000
   -0.255351000
   -0.158206000
   -0.090823000
  160.591087000
  160.653890000
  160.676803000
  160.741579000
  160.890033000
  163.569667000
  244.051413000
  244.439648000
  245.041177000
  245.225581000
  245.297189000
  245.508739000
  246.067735000
  263.846578000
  265.923618000
  266.381501000
  266.540982000
  266.686945000
  268.018996000
  270.260250000
  270.510087000
  270.692569000
  270.784474000
  271.091498000
  273.414653000
  275.239454000
  280.859532000
  282.557941000
  290.478348000
  292.493115000
  319.399304000
  319.534286000
  319.735219000
  320.186584000
  338.456659000
  346.813367000
  354.361327000
  378.819696000
  391.905579000
  392.045909000
  392.123552000
  392.532653000
  406.460124000
  406.610940000
  452.158951000
  688.310019000
  702.432464000
  720.299511000
  724.962535000
  729.626269000
  735.340816000
  751.833264000
  752.182852000
  752.272615000
  752.763961000
  758.224923000
  767.836982000
  803.779825000
  805.293500000
  813.681559000
  813.998027000
  814.284006000
  814.447744000
  826.903375000
  827.538666000
  827.855672000
  828.616507000
  833.544629000
  840.994631000
  860.756763000
  927.122116000
  933.700493000
  933.737485000
  934.851397000
  935.315282000
  946.062828000
  963.314838000
 1002.428597000
 1004.671978000
 1041.122841000
 1041.866850000
 1042.152334000
 1042.329003000
 1064.420315000
 1093.134648000
 1093.285881000
 1093.653731000
 1094.423380000
 1114.018383000
 1118.031409000
 1178.039267000
 1183.027772000
 1187.620958000
 1612.297010000
 1628.704995000
 1631.286091000
 1650.591900000
 1650.690482000
 1650.837081000
 1650.934194000
 1657.337501000
 1669.674269000
 1672.188531000
 1695.130882000
 1695.311617000
 1695.435373000
 1695.548308000
 1697.198079000
 1792.197756000
 3024.203326000
 3029.015839000
 3052.612122000
 3057.821241000
 3091.294445000
 3092.258125000
 3094.651777000
 3096.967743000
 3097.272017000
 3097.409243000
 3098.632738000
 3099.170109000
 3099.435014000
 3102.615880000
 3129.323218000
 3130.689185000
 3133.876982000
 3137.523368000
 3269.800300000
 3271.798688000
 3272.385529000
 3273.448361000
 3276.099646000
 3291.448462000
 3293.051522000
 3293.287413000
 3294.220150000
 3297.490737000
 3301.880156000
 3302.867794000
 3331.192405000
 3360.171353000


 P=      30.0000 V=    1361.9304 E=    -550.340994470
    0.000000000    0.000000000    0.000000000
   -0.170748000
   -0.137362000
   -0.125244000
  193.663705000
  193.673151000
  193.693616000
  193.701613000
  194.882024000
  198.970197000
  329.521421000
  332.996381000
  341.959027000
  342.424594000
  342.448124000
  342.481620000
  342.498408000
  358.140903000
  359.507529000
  360.753365000
  360.766047000
  360.836982000
  360.855683000
  362.916351000
  366.836592000
  376.565704000
  376.584391000
  376.598939000
  376.614403000
  379.879751000
  384.659130000
  392.296408000
  395.401889000
  436.080823000
  445.768658000
  445.791363000
  445.818203000
  445.834952000
  475.238541000
  488.064080000
  488.959455000
  521.116474000
  552.079236000
  552.093879000
  552.113694000
  552.123539000
  569.123691000
  580.143078000
  621.732811000
  836.481847000
  847.106899000
  861.894415000
  896.058830000
  901.135105000
  916.842599000
  919.175953000
  930.572165000
  932.411411000
  932.443806000
  932.601349000
  932.639589000
  967.004965000
  982.369068000
  982.453825000
  982.682219000
  982.754004000
  990.507798000
  999.493962000
 1007.577351000
 1007.606106000
 1007.636184000
 1007.649105000
 1033.829654000
 1045.623515000
 1120.729356000
 1120.816064000
 1120.962898000
 1120.986973000
 1126.253546000
 1129.101702000
 1155.477993000
 1171.818709000
 1218.822187000
 1240.575461000
 1240.614902000
 1240.669794000
 1240.739860000
 1257.473738000
 1297.840370000
 1297.869911000
 1297.930982000
 1297.973442000
 1319.032666000
 1336.223468000
 1351.368925000
 1396.209321000
 1402.745062000
 1631.691474000
 1651.798547000
 1655.752761000
 1678.790174000
 1678.802637000
 1678.869046000
 1678.893640000
 1701.648521000
 1709.851392000
 1732.145851000
 1732.572095000
 1732.609357000
 1732.656921000
 1732.685574000
 1758.040684000
 1873.978089000
 2597.801993000
 2604.595346000
 2627.716525000
 2630.071656000
 2679.563376000
 2679.573731000
 2679.821480000
 2679.994176000
 2683.315960000
 2683.341248000
 2683.576958000
 2683.727940000
 2686.205043000
 2686.559851000
 2709.926785000
 2710.585845000
 2718.823748000
 2720.426657000
 3040.464418000
 3045.260197000
 3045.343079000
 3045.553139000
 3045.694905000
 3076.999627000
 3096.200916000
 3096.279491000
 3096.497400000
 3096.624916000
 3099.136106000
 3113.739381000
 3136.700834000
 3238.303772000


 P=      50.0000 V=    1214.7590 E=    -549.943127100
    0.000000000    0.000000000    0.000000000
   -0.201657000
   -0.147189000
   -0.118624000
  214.479247000
  214.490536000
  214.521803000
  214.527591000
  216.551937000
  219.185999000
  375.901037000
  382.887366000
  388.506580000
  388.546059000
  388.592004000
  388.646427000
  390.427264000
  419.745009000
  424.961270000
  425.123144000
  432.703411000
  432.764185000
  432.819666000
  432.858584000
  434.706627000
  450.273734000
  450.280466000
  450.285311000
  450.307791000
  450.762059000
  452.528701000
  459.416843000
  469.456598000
  540.235759000
  540.370272000
  540.383269000
  540.420240000
  541.782677000
  559.707784000
  575.679357000
  598.706804000
  629.506599000
  663.325646000
  663.397637000
  663.419233000
  663.468630000
  690.256815000
  701.201632000
  739.977567000
  938.037304000
  947.616460000
  952.554485000
 1013.333771000
 1014.780138000
 1030.847038000
 1046.180994000
 1046.702859000
 1056.351060000
 1056.430140000
 1056.537999000
 1056.572423000
 1077.078213000
 1095.718211000
 1095.735483000
 1095.789900000
 1095.865244000
 1105.864979000
 1110.974336000
 1130.067412000
 1130.136628000
 1130.224884000
 1130.289668000
 1165.017206000
 1182.308060000
 1242.378009000
 1242.403161000
 1242.497242000
 1242.568371000
 1243.794746000
 1271.511441000
 1272.232375000
 1275.354133000
 1365.342033000
 1374.799159000
 1374.817045000
 1374.893851000
 1374.965669000
 1385.234979000
 1429.142594000
 1436.356824000
 1436.381013000
 1436.448541000
 1436.516523000
 1454.098413000
 1476.837536000
 1540.761775000
 1549.496786000
 1646.925296000
 1660.846386000
 1680.136340000
 1697.946804000
 1697.987130000
 1697.998171000
 1698.036292000
 1738.677625000
 1744.756440000
 1753.626171000
 1754.596205000
 1754.612151000
 1754.706951000
 1754.739443000
 1847.231586000
 1935.938970000
 2169.784196000
 2184.100260000
 2194.813741000
 2198.702863000
 2279.452563000
 2279.985833000
 2280.361855000
 2280.497672000
 2292.215236000
 2292.616892000
 2293.041896000
 2293.183651000
 2315.293241000
 2320.077158000
 2325.043161000
 2332.889323000
 2350.561628000
 2353.746078000
 2830.908012000
 2862.878501000
 2863.220732000
 2863.463431000
 2863.643810000
 2909.520270000
 2926.310686000
 2946.209120000
 2946.534051000
 2946.710274000
 2946.870989000
 2965.505762000
 2998.490141000
 3149.196089000


 P=      70.0000 V=    1119.1261 E=    -549.552281980
    0.000000000    0.000000000    0.000000000
   -0.235908000
   -0.228987000
   -0.207543000
  229.384997000
  229.387542000
  229.398464000
  229.400274000
  232.134401000
  232.818132000
  405.053815000
  409.887126000
  418.118531000
  418.124855000
  418.140196000
  418.155242000
  423.615341000
  455.137213000
  463.794110000
  479.392770000
  481.786423000
  483.966415000
  483.973387000
  483.993934000
  484.005575000
  495.067536000
  507.435616000
  507.441680000
  507.458285000
  507.463095000
  510.064573000
  511.441320000
  518.122667000
  620.657234000
  621.909222000
  621.938610000
  621.979138000
  621.998575000
  640.699091000
  640.857984000
  693.577187000
  718.367582000
  751.629841000
  751.657722000
  751.673600000
  751.678187000
  788.442384000
  807.636454000
  834.453304000
 1017.977320000
 1024.771217000
 1026.286703000
 1106.472226000
 1106.810001000
 1117.392733000
 1144.187303000
 1157.139886000
 1157.168164000
 1157.248112000
 1157.251456000
 1158.941679000
 1170.103312000
 1185.659515000
 1185.662379000
 1185.754495000
 1185.757708000
 1191.666331000
 1195.712422000
 1228.029053000
 1228.047531000
 1228.176686000
 1228.199039000
 1272.378566000
 1286.351370000
 1325.151455000
 1333.994357000
 1334.011152000
 1334.246410000
 1334.268342000
 1340.486756000
 1344.502147000
 1395.061801000
 1464.045138000
 1479.252240000
 1479.259043000
 1479.403572000
 1479.415706000
 1480.500339000
 1491.765478000
 1540.627412000
 1540.645346000
 1540.914711000
 1540.939879000
 1547.858531000
 1589.714375000
 1637.639227000
 1655.467826000
 1656.933747000
 1659.157667000
 1690.630407000
 1710.708723000
 1710.721704000
 1710.734514000
 1710.743721000
 1741.665712000
 1747.425350000
 1753.601080000
 1765.349119000
 1766.997509000
 1767.005345000
 1767.084595000
 1767.095729000
 1797.819496000
 1798.946032000
 1823.914726000
 1861.632761000
 1861.841796000
 1861.925444000
 1862.051337000
 1888.733275000
 1888.961648000
 1889.155071000
 1889.281095000
 1895.942524000
 1905.255752000
 1907.759097000
 1920.416358000
 1933.417002000
 1935.320469000
 1945.165752000
 1997.465797000
 2662.780577000
 2689.566042000
 2689.686155000
 2689.766508000
 2689.866022000
 2727.613379000
 2794.192065000
 2809.853023000
 2809.936426000
 2810.013082000
 2810.104601000
 2822.443289000
 2850.350882000
 3068.670005000
 weight
 0.0 0.0 0.0 1.0
