

 #v,#q,#freq,#unit
 6, 1, 144,16
 P=      -1.0000 V=    2275.9917 E=    -550.868550930
    0.000000000    0.000000000    0.000000000
   -1.312342000
   -0.638253000
   -0.560785000
   53.491763000
   72.055468000
   72.277570000
   90.405507000
  100.316921000
  107.553042000
  109.025124000
  110.149694000
  111.690805000
  111.789861000
  130.188819000
  134.419069000
  134.685472000
  140.125015000
  144.592484000
  145.453944000
  145.591386000
  145.844945000
  154.249251000
  160.070062000
  160.530253000
  160.837113000
  161.566278000
  164.206721000
  167.748302000
  167.859861000
  176.714646000
  178.118520000
  178.376127000
  180.232954000
  180.955902000
  181.284293000
  182.002000000
  183.189055000
  192.380581000
  195.617806000
  195.860592000
  204.184765000
  204.501754000
  207.585154000
  218.018537000
  224.304826000
  231.255048000
  231.308569000
  250.694996000
  510.284224000
  526.984127000
  527.153359000
  556.985051000
  557.171990000
  561.960507000
  564.242823000
  576.478259000
  577.540880000
  577.920267000
  585.116982000
  589.439826000
  589.689868000
  597.880284000
  600.697225000
  604.524427000
  613.747876000
  625.113477000
  625.380536000
  625.646049000
  641.650308000
  648.969048000
  653.974534000
  654.247548000
  667.080326000
  678.406937000
  695.667119000
  706.685976000
  707.218845000
  734.402698000
  734.523477000
  756.807992000
  767.892284000
  791.151709000
  797.190329000
  797.303618000
  802.608925000
  816.655302000
  823.187870000
  830.174111000
  830.775027000
  863.009437000
  863.112760000
  870.671241000
  888.242118000
  888.586292000
  899.761001000
  914.213786000
 1600.804751000
 1603.458646000
 1619.973063000
 1623.199654000
 1623.345762000
 1641.577590000
 1641.700418000
 1643.346343000
 1645.308599000
 1649.900942000
 1650.072726000
 1659.573994000
 1667.694566000
 1667.879781000
 1678.573468000
 1702.479294000
 3343.686712000
 3345.827960000
 3375.855863000
 3376.348438000
 3377.161500000
 3377.407940000
 3380.322762000
 3381.079776000
 3391.325297000
 3392.305876000
 3397.878471000
 3399.117274000
 3427.767914000
 3427.914634000
 3444.300497000
 3446.308063000
 3446.860386000
 3446.975823000
 3447.345687000
 3447.409946000
 3451.277262000
 3475.547591000
 3475.801875000
 3476.073410000
 3482.255959000
 3482.961664000
 3491.972393000
 3492.940337000
 3496.705739000
 3496.955991000
 3498.989637000
 3500.734344000


 P=       0.0000 V=    2175.9419 E=    -550.868290950
    0.000000000    0.000000000    0.000000000
   -0.951420000
   -0.644472000
   -0.477619000
   78.347124000
   93.488340000
   93.769728000
   95.657170000
  109.143829000
  112.080860000
  114.764200000
  116.043439000
  116.294354000
  123.854566000
  147.368418000
  147.711520000
  147.900123000
  155.036481000
  159.388624000
  159.794186000
  159.900492000
  162.932902000
  168.837839000
  174.227936000
  175.250000000
  175.806108000
  176.750509000
  178.352266000
  182.969606000
  183.073529000
  187.428548000
  189.228316000
  189.482230000
  191.029495000
  192.934229000
  194.255383000
  197.432923000
  197.862448000
  212.721464000
  213.558821000
  213.596706000
  224.595506000
  224.918100000
  229.046700000
  239.685185000
  247.336997000
  251.425743000
  251.571458000
  273.770323000
  517.864829000
  533.495375000
  533.723293000
  567.634423000
  567.773196000
  570.563173000
  576.468014000
  586.940475000
  588.106831000
  588.845450000
  597.927165000
  602.285794000
  602.453661000
  607.829734000
  613.578391000
  618.080242000
  627.099413000
  637.322735000
  639.396096000
  640.063326000
  653.648550000
  662.555118000
  667.039320000
  667.570908000
  681.080588000
  692.592471000
  710.676515000
  721.108773000
  721.956858000
  750.130445000
  750.379794000
  775.989759000
  787.626816000
  809.763257000
  816.320956000
  816.685976000
  821.507534000
  836.816586000
  844.445985000
  850.966919000
  852.261827000
  884.998985000
  885.543435000
  890.555505000
  911.811595000
  911.953211000
  922.545694000
  937.949505000
 1601.006005000
 1603.896129000
 1621.638433000
 1624.299235000
 1624.537738000
 1643.828448000
 1643.986484000
 1645.778261000
 1647.818113000
 1652.773214000
 1653.049003000
 1662.192202000
 1671.348793000
 1671.603461000
 1684.004796000
 1709.271159000
 3327.326753000
 3329.739419000
 3360.201021000
 3362.531310000
 3362.812404000
 3363.279683000
 3363.580902000
 3369.333297000
 3376.265783000
 3378.148394000
 3387.317419000
 3389.298492000
 3422.716289000
 3423.030305000
 3428.653981000
 3429.001425000
 3429.076511000
 3429.560521000
 3430.207123000
 3431.969079000
 3446.944970000
 3465.069122000
 3465.950788000
 3475.648260000
 3475.716004000
 3477.610053000
 3482.077516000
 3487.087021000
 3488.740553000
 3489.247220000
 3491.528605000
 3495.474150000


 P=      10.0000 V=    1663.8413 E=    -550.723818540
    0.000000000    0.000000000    0.000000000
   -0.324471000
   -0.296765000
   -0.277220000
  142.086900000
  152.397492000
  154.626388000
  154.737505000
  154.737946000
  157.600781000
  212.976161000
  225.822891000
  226.155863000
  251.744415000
  254.841459000
  255.692037000
  256.090508000
  256.337255000
  266.433284000
  266.681286000
  267.363191000
  269.998072000
  270.617573000
  272.073787000
  272.440927000
  272.707072000
  272.722676000
  279.558592000
  279.745493000
  287.368004000
  289.915860000
  297.343409000
  297.441335000
  299.538495000
  306.273554000
  310.703717000
  318.827314000
  319.074356000
  350.873425000
  351.238128000
  359.026795000
  377.798247000
  378.422813000
  382.125430000
  403.196341000
  403.521168000
  404.106977000
  416.918231000
  446.181393000
  680.905929000
  694.588553000
  695.256509000
  743.421405000
  743.567017000
  745.340946000
  767.209515000
  771.999665000
  772.084284000
  773.124190000
  789.410436000
  792.301410000
  794.481014000
  794.694260000
  801.606322000
  802.650737000
  816.223926000
  834.016369000
  834.674364000
  838.861850000
  842.893266000
  843.163259000
  850.906477000
  851.177554000
  868.320631000
  883.436898000
  907.770856000
  916.179869000
  917.177773000
  944.613203000
  944.768018000
  972.469339000
  990.348982000
 1012.068930000
 1029.513478000
 1029.804849000
 1038.433015000
 1043.236041000
 1057.869783000
 1069.443042000
 1070.497529000
 1109.315772000
 1109.707833000
 1118.029762000
 1140.850565000
 1141.291203000
 1142.234033000
 1165.930345000
 1621.155586000
 1621.745601000
 1648.433967000
 1650.292702000
 1650.675391000
 1676.773479000
 1677.134021000
 1680.044458000
 1684.590244000
 1690.327100000
 1690.702299000
 1702.254846000
 1712.721679000
 1713.148644000
 1746.014838000
 1779.393406000
 3019.357411000
 3022.979539000
 3060.549402000
 3063.752086000
 3064.830455000
 3065.298823000
 3070.080122000
 3071.970310000
 3080.940749000
 3085.110489000
 3096.480377000
 3101.251441000
 3121.299890000
 3121.593432000
 3121.958419000
 3122.289681000
 3122.510159000
 3124.544371000
 3242.105038000
 3242.604173000
 3266.747635000
 3268.386334000
 3278.743779000
 3278.960893000
 3281.681433000
 3283.497875000
 3292.438451000
 3301.189978000
 3301.572320000
 3305.690415000
 3310.195850000
 3355.830632000


 P=      30.0000 V=    1361.4525 E=    -550.335466950
    0.000000000    0.000000000    0.000000000
   -0.257539000
   -0.229088000
   -0.160145000
  183.220018000
  188.326668000
  188.690811000
  188.732743000
  190.989141000
  194.075189000
  322.734539000
  329.493174000
  329.547189000
  339.637939000
  342.508579000
  342.551255000
  343.067950000
  343.085144000
  347.715330000
  350.845255000
  357.924357000
  358.545238000
  358.577738000
  365.870804000
  371.315650000
  371.425902000
  378.908439000
  385.233283000
  385.298692000
  389.956023000
  395.258283000
  411.283891000
  411.334163000
  431.861113000
  438.946712000
  439.104298000
  445.973549000
  457.236865000
  490.647190000
  490.659095000
  499.459624000
  530.581388000
  530.701657000
  534.509911000
  558.849423000
  558.904922000
  570.559807000
  589.262317000
  619.279303000
  832.830978000
  841.707280000
  841.935521000
  908.396154000
  908.399651000
  908.634837000
  945.513049000
  947.783492000
  947.998409000
  948.662379000
  962.023746000
  966.310555000
  974.800185000
  975.453250000
  975.493321000
  985.152295000
  987.171064000
 1008.009277000
 1011.046082000
 1011.139178000
 1012.352613000
 1026.264704000
 1027.174039000
 1027.291551000
 1039.012202000
 1058.844492000
 1092.438013000
 1093.717128000
 1093.875386000
 1119.882953000
 1119.988158000
 1153.980298000
 1164.956826000
 1202.942282000
 1229.724690000
 1229.813037000
 1237.408996000
 1237.887057000
 1262.670777000
 1273.851072000
 1274.009579000
 1314.565687000
 1314.747433000
 1320.564843000
 1332.697897000
 1352.133218000
 1352.297733000
 1369.586186000
 1645.386839000
 1646.097099000
 1678.231912000
 1678.358354000
 1682.221839000
 1706.801817000
 1706.912584000
 1715.042105000
 1723.796862000
 1732.109910000
 1732.208593000
 1740.086031000
 1751.881758000
 1751.999775000
 1825.541406000
 1859.189651000
 2596.030568000
 2603.726030000
 2641.138496000
 2646.029161000
 2648.937109000
 2649.065468000
 2655.435122000
 2660.339334000
 2669.174579000
 2669.724217000
 2684.665999000
 2684.954063000
 2702.748883000
 2704.425777000
 2704.452359000
 2705.563990000
 2706.198204000
 2707.377018000
 3027.379181000
 3027.473050000
 3045.889443000
 3045.999393000
 3053.875500000
 3057.424789000
 3082.847352000
 3082.878580000
 3104.567195000
 3104.621897000
 3106.710207000
 3110.871687000
 3113.918965000
 3235.624492000


 P=      50.0000 V=    1214.9298 E=    -549.940177040
    0.000000000    0.000000000    0.000000000
   -0.168222000
   -0.163368000
   -0.141893000
  208.714942000
  210.991602000
  211.056466000
  211.097372000
  214.445781000
  217.853841000
  381.902147000
  387.005339000
  387.234847000
  387.374450000
  388.742278000
  392.078357000
  392.217881000
  392.411591000
  403.715620000
  413.393704000
  421.133894000
  427.732304000
  427.748700000
  428.983851000
  438.861193000
  438.936856000
  451.063231000
  457.526864000
  457.543918000
  458.881421000
  470.439059000
  490.625864000
  490.899816000
  515.915025000
  522.550917000
  522.586600000
  554.075687000
  566.218089000
  589.935101000
  591.363758000
  591.574561000
  634.143858000
  634.386514000
  641.844434000
  669.996522000
  670.064138000
  689.091926000
  711.247033000
  739.044357000
  933.617137000
  939.994247000
  939.995515000
 1018.741492000
 1018.816050000
 1018.933852000
 1064.851476000
 1067.005881000
 1067.455402000
 1068.688054000
 1078.265403000
 1083.000058000
 1090.027176000
 1094.879524000
 1094.996081000
 1097.216628000
 1101.742621000
 1115.175226000
 1129.938118000
 1129.955268000
 1130.555478000
 1149.546163000
 1150.183105000
 1154.218908000
 1154.620735000
 1177.933964000
 1208.156373000
 1208.619263000
 1213.289113000
 1236.551923000
 1236.809038000
 1267.794858000
 1269.948224000
 1334.672501000
 1363.334981000
 1363.800432000
 1370.196901000
 1372.500469000
 1403.636383000
 1408.489235000
 1409.118174000
 1445.503364000
 1446.820953000
 1447.257238000
 1452.482767000
 1489.539878000
 1490.260977000
 1499.035846000
 1666.272781000
 1668.033862000
 1698.574391000
 1698.848650000
 1713.587924000
 1725.456609000
 1725.607937000
 1738.871624000
 1749.412573000
 1762.769676000
 1763.167421000
 1766.761319000
 1779.287711000
 1779.373355000
 1898.021144000
 1923.232925000
 2185.084061000
 2205.375260000
 2241.384998000
 2257.637947000
 2258.725791000
 2262.020359000
 2272.374514000
 2273.320517000
 2279.044623000
 2290.891948000
 2299.850694000
 2305.686524000
 2314.851099000
 2325.075461000
 2327.606597000
 2330.895004000
 2331.906966000
 2335.193492000
 2847.330037000
 2847.697908000
 2869.168415000
 2869.437482000
 2870.002168000
 2873.674791000
 2933.818323000
 2934.275982000
 2956.775164000
 2958.794154000
 2960.059451000
 2962.987135000
 2967.105292000
 3149.220944000


 P=      70.0000 V=    1120.2775 E=    -549.555608220
    0.000000000    0.000000000    0.000000000
   -0.158929000
   -0.143708000
   -0.125037000
  225.615958000
  225.681664000
  225.792416000
  225.927732000
  229.209117000
  231.633323000
  411.564089000
  414.574955000
  416.491316000
  417.231584000
  417.252426000
  420.387197000
  421.176473000
  421.193791000
  443.282568000
  464.457885000
  477.970332000
  478.109343000
  478.221820000
  478.231846000
  489.640031000
  489.679256000
  502.846379000
  512.590433000
  518.891631000
  518.910004000
  525.688227000
  553.828307000
  553.928399000
  578.917142000
  591.407943000
  591.477062000
  647.652983000
  657.138367000
  659.287414000
  675.069660000
  675.125107000
  716.449377000
  716.465806000
  731.327825000
  763.918143000
  763.997292000
  786.143040000
  813.555448000
  836.341160000
 1010.697276000
 1014.053542000
 1014.070901000
 1104.149307000
 1104.573805000
 1104.592849000
 1157.358375000
 1159.614964000
 1159.662765000
 1160.100304000
 1168.322194000
 1172.406784000
 1178.441435000
 1182.084395000
 1184.120077000
 1184.132419000
 1186.162805000
 1194.853755000
 1222.449521000
 1222.547145000
 1223.260018000
 1242.455748000
 1245.974288000
 1246.041677000
 1250.988910000
 1271.540168000
 1291.389739000
 1291.470321000
 1303.725847000
 1323.120754000
 1323.167485000
 1334.031924000
 1351.598153000
 1437.826048000
 1471.234286000
 1471.310537000
 1475.207545000
 1476.522897000
 1510.349226000
 1512.835707000
 1512.900523000
 1537.262320000
 1543.333442000
 1545.251227000
 1545.300822000
 1585.858033000
 1590.397605000
 1590.615800000
 1682.021215000
 1685.597668000
 1708.194796000
 1708.312188000
 1729.950017000
 1730.034137000
 1735.816565000
 1754.702239000
 1760.792393000
 1773.649529000
 1774.406666000
 1774.439493000
 1779.986065000
 1794.678129000
 1794.781760000
 1813.983123000
 1845.706429000
 1856.192869000
 1875.715780000
 1876.694646000
 1890.299819000
 1894.117859000
 1894.686765000
 1896.171038000
 1922.745768000
 1923.081486000
 1923.167822000
 1944.077827000
 1944.295084000
 1946.061455000
 1948.021363000
 1954.565757000
 1965.800919000
 1986.280907000
 2691.622948000
 2691.852013000
 2709.925163000
 2711.229877000
 2711.491164000
 2713.221049000
 2813.470219000
 2813.727701000
 2830.560311000
 2832.515101000
 2832.798933000
 2834.903134000
 2836.992192000
 3079.669557000
 weight
 0.0 0.0 0.0 1.0
