

 #v,#q,#freq,#unit
 6, 1, 144,16
 P=      -1.0000 V=    2310.4821 E=    -550.866723720
    0.000000000    0.000000000    0.000000000
   -0.565572000
   -0.534660000
   -0.427769000
   40.658026000
   40.891131000
   91.400703000
   91.661888000
   92.092333000
   92.227086000
  101.894820000
  101.951349000
  120.877632000
  121.068042000
  122.177300000
  122.262308000
  122.305437000
  122.616094000
  142.277813000
  142.664962000
  142.672694000
  142.745970000
  146.717605000
  149.056881000
  149.381465000
  149.406297000
  149.829985000
  156.401126000
  156.433581000
  158.760521000
  158.918516000
  170.093454000
  170.213960000
  180.680400000
  181.016159000
  181.172509000
  181.474591000
  182.664588000
  182.855414000
  192.298655000
  192.446338000
  201.480450000
  201.752635000
  214.732000000
  214.781597000
  215.668420000
  215.985155000
  227.557046000
  242.143648000
  471.901438000
  472.133750000
  536.148204000
  536.404792000
  553.671476000
  553.964370000
  554.422190000
  554.452470000
  561.924599000
  562.014980000
  562.136715000
  562.175673000
  562.317382000
  563.847472000
  573.880971000
  574.284255000
  574.304466000
  574.365047000
  626.061383000
  626.082162000
  626.248888000
  626.476147000
  635.061550000
  636.206227000
  639.765928000
  641.292730000
  691.245534000
  691.910420000
  696.848755000
  699.324594000
  699.422150000
  699.786635000
  700.141670000
  803.234642000
  804.538362000
  812.763263000
  813.563656000
  814.236406000
  814.348469000
  814.625943000
  814.887707000
  861.956479000
  862.014530000
  862.118458000
  862.352094000
  899.057503000
  899.573016000
 1025.458329000
 1554.871958000
 1569.666897000
 1620.765181000
 1620.858614000
 1620.887438000
 1620.959890000
 1632.990247000
 1633.062557000
 1641.446620000
 1641.480395000
 1641.513474000
 1641.581420000
 1656.840423000
 1656.863413000
 1656.921792000
 1732.357216000
 3368.387706000
 3368.421812000
 3399.052312000
 3399.105560000
 3399.236689000
 3399.254771000
 3400.701049000
 3400.751769000
 3400.803155000
 3400.980834000
 3444.489927000
 3444.696337000
 3447.680540000
 3447.872137000
 3468.016575000
 3469.656262000
 3469.665683000
 3469.886973000
 3469.976760000
 3471.322189000
 3471.374419000
 3471.567709000
 3471.670148000
 3490.351186000
 3513.296510000
 3513.344718000
 3513.462771000
 3513.507534000
 3519.600740000
 3519.739238000
 3519.823404000
 3519.873983000


 P=       0.0000 V=    2179.0767 E=    -550.867517660
    0.000000000    0.000000000    0.000000000
   -0.454482000
   -0.422138000
   -0.370716000
   78.619588000
   78.737976000
   98.560786000
   99.024544000
   99.117730000
   99.682030000
  107.654870000
  107.717897000
  143.443132000
  143.739785000
  147.007750000
  147.008532000
  147.164868000
  147.659575000
  160.112086000
  160.169596000
  160.408355000
  160.555587000
  165.176517000
  169.680840000
  169.959520000
  170.113683000
  170.258808000
  174.684405000
  174.843796000
  176.645922000
  176.791958000
  195.828100000
  195.905021000
  196.006187000
  196.194089000
  196.230827000
  196.351156000
  198.837213000
  198.990763000
  216.381142000
  216.491190000
  221.445675000
  221.989104000
  243.107306000
  243.218569000
  243.711964000
  244.210523000
  250.539305000
  269.211132000
  494.772598000
  494.899387000
  563.254921000
  563.356775000
  581.413689000
  583.917192000
  584.004269000
  584.669429000
  584.870969000
  586.093442000
  586.126126000
  586.292944000
  586.419870000
  588.030079000
  602.935424000
  602.942365000
  602.967866000
  603.279336000
  651.010049000
  651.069449000
  651.135758000
  651.218614000
  657.503194000
  657.586184000
  666.271830000
  666.608837000
  715.488512000
  715.579955000
  727.543796000
  727.627391000
  727.669507000
  727.713974000
  730.702081000
  840.914304000
  841.269874000
  846.147655000
  846.172793000
  852.144122000
  852.201978000
  852.389716000
  852.469202000
  896.334412000
  896.443012000
  896.555784000
  896.616134000
  936.473529000
  936.529136000
 1070.780228000
 1549.492785000
 1569.454473000
 1623.407884000
 1623.447362000
 1623.468022000
 1623.519956000
 1636.661524000
 1636.678833000
 1643.876409000
 1643.898598000
 1643.910100000
 1643.948328000
 1660.612076000
 1660.626832000
 1661.760452000
 1744.050125000
 3332.370900000
 3332.933904000
 3366.116351000
 3366.136322000
 3366.195042000
 3366.214309000
 3367.957701000
 3368.038109000
 3368.050158000
 3368.062747000
 3424.550452000
 3424.615932000
 3426.540062000
 3426.612612000
 3434.428363000
 3434.446361000
 3434.475807000
 3434.524586000
 3436.202622000
 3436.215119000
 3436.261312000
 3436.301635000
 3450.145238000
 3477.153739000
 3489.148455000
 3489.177859000
 3489.220233000
 3489.236666000
 3497.142758000
 3497.183754000
 3497.205910000
 3497.209172000


 P=      10.0000 V=    1663.3284 E=    -550.722267590
    0.000000000    0.000000000    0.000000000
   -0.198964000
   -0.195150000
   -0.123957000
  143.350558000
  143.373575000
  147.018665000
  147.202774000
  147.242736000
  147.418451000
  215.111103000
  215.317160000
  254.913385000
  255.388084000
  259.730994000
  259.777225000
  259.823095000
  259.985207000
  260.591247000
  260.702217000
  260.777087000
  260.965060000
  273.623354000
  278.480310000
  278.580680000
  284.344840000
  284.385361000
  284.510850000
  284.593921000
  284.991854000
  285.072313000
  287.744239000
  287.763177000
  306.151051000
  306.246944000
  306.255227000
  306.398525000
  349.691302000
  349.866348000
  352.060375000
  352.207368000
  352.408340000
  352.416844000
  402.816277000
  414.799444000
  414.927690000
  415.108935000
  415.410483000
  423.607024000
  667.843077000
  667.880295000
  738.845064000
  761.078313000
  766.698481000
  766.723366000
  767.575287000
  767.630743000
  767.659449000
  767.789811000
  772.439719000
  772.458056000
  781.445093000
  781.523706000
  795.296990000
  795.328658000
  795.455682000
  795.467585000
  840.434375000
  840.616629000
  840.670290000
  840.844322000
  864.673880000
  864.735633000
  869.854374000
  869.943948000
  912.284299000
  912.347278000
  927.221297000
  927.241178000
  927.497253000
  927.501020000
  974.319942000
 1066.698057000
 1066.830864000
 1067.559051000
 1067.565461000
 1088.567698000
 1088.673755000
 1088.772398000
 1088.908060000
 1127.842621000
 1127.880590000
 1127.918821000
 1128.131565000
 1179.048977000
 1179.107529000
 1345.990678000
 1532.544221000
 1578.799208000
 1651.736332000
 1651.752184000
 1651.775515000
 1651.824970000
 1662.499343000
 1662.567378000
 1671.592901000
 1671.595138000
 1671.660562000
 1671.682083000
 1697.543291000
 1697.578799000
 1699.106694000
 1821.693795000
 3021.037349000
 3024.913484000
 3065.327681000
 3065.377411000
 3065.404580000
 3065.487686000
 3068.301300000
 3068.347486000
 3068.360162000
 3068.373843000
 3121.979863000
 3122.024895000
 3122.502436000
 3122.544112000
 3123.758519000
 3123.813718000
 3124.484673000
 3124.511199000
 3239.396360000
 3239.494380000
 3249.238252000
 3249.299449000
 3283.069747000
 3283.228631000
 3283.240970000
 3283.242816000
 3288.520127000
 3310.026090000
 3310.072427000
 3310.122480000
 3310.175641000
 3353.051512000


 P=      30.0000 V=    1361.8199 E=    -550.335534510
    0.000000000    0.000000000    0.000000000
   -0.152447000
   -0.150170000
   -0.123037000
  175.894069000
  175.895486000
  186.250434000
  186.501897000
  186.544382000
  186.651872000
  319.142803000
  319.231239000
  337.967974000
  338.157999000
  338.198790000
  338.277604000
  345.287322000
  345.481469000
  353.813694000
  353.938245000
  354.010317000
  354.053533000
  363.670011000
  363.679888000
  370.369846000
  387.795553000
  387.831033000
  387.838235000
  387.970367000
  399.469515000
  399.587024000
  405.855413000
  405.923032000
  454.082499000
  454.090177000
  454.157304000
  454.247683000
  471.002281000
  471.053327000
  476.696216000
  476.824353000
  492.460464000
  492.593376000
  552.393833000
  581.893130000
  583.060087000
  583.292311000
  583.375619000
  583.601268000
  821.195491000
  821.709190000
  870.064158000
  917.115371000
  932.471394000
  932.599110000
  932.701448000
  932.839404000
  933.024901000
  933.214184000
  950.517759000
  950.903574000
  959.538595000
  959.998877000
  972.699441000
  972.739864000
  972.944740000
  973.554184000
 1009.246290000
 1009.293475000
 1009.627560000
 1009.634983000
 1047.334073000
 1047.708708000
 1055.935881000
 1056.311699000
 1081.084306000
 1081.447574000
 1101.479467000
 1101.689635000
 1101.777090000
 1101.782658000
 1194.029358000
 1269.627488000
 1269.958431000
 1269.982210000
 1270.213076000
 1297.745008000
 1298.075787000
 1298.099150000
 1298.176661000
 1331.548038000
 1331.614561000
 1331.828909000
 1331.903631000
 1398.869407000
 1399.132060000
 1509.860564000
 1592.385448000
 1593.962188000
 1684.248547000
 1684.327161000
 1684.426888000
 1684.645374000
 1688.925834000
 1689.160478000
 1694.343462000
 1694.356707000
 1694.462143000
 1694.707253000
 1730.241909000
 1730.538894000
 1741.181997000
 1902.118693000
 2607.602256000
 2611.774540000
 2652.912825000
 2653.018782000
 2653.845051000
 2654.045855000
 2659.520966000
 2659.579929000
 2660.547965000
 2660.856862000
 2706.739841000
 2707.710810000
 2708.608689000
 2708.740631000
 2710.253005000
 2711.638444000
 2713.227270000
 2713.287395000
 3027.194827000
 3027.528303000
 3057.319918000
 3057.532893000
 3058.250437000
 3058.384885000
 3065.404028000
 3065.668868000
 3110.718459000
 3116.577817000
 3116.879699000
 3117.480038000
 3117.641559000
 3236.193035000


 P=      50.0000 V=    1214.1585 E=    -549.937475400
    0.000000000    0.000000000    0.000000000
   -0.043767000
   -0.038334000
   -0.036291000
  199.220545000
  199.239999000
  211.178367000
  211.346523000
  211.386996000
  211.393042000
  370.078689000
  370.081286000
  383.892928000
  384.010812000
  384.052705000
  384.077310000
  397.790425000
  397.963879000
  415.668282000
  415.819397000
  415.822391000
  415.835707000
  431.715192000
  435.603755000
  435.687137000
  459.939037000
  459.999753000
  460.018632000
  460.097917000
  484.946888000
  485.023456000
  489.857325000
  489.865415000
  555.371427000
  555.454331000
  555.464434000
  555.533470000
  565.187396000
  565.228465000
  565.257156000
  565.291416000
  581.740389000
  581.764106000
  660.151056000
  697.372805000
  705.213878000
  705.303432000
  705.404925000
  705.612785000
  929.819852000
  929.945291000
  962.700170000
 1026.520471000
 1041.932627000
 1042.069602000
 1052.752338000
 1052.796138000
 1052.817116000
 1052.879699000
 1079.493017000
 1079.575954000
 1083.373564000
 1083.563451000
 1095.403205000
 1095.411763000
 1095.482648000
 1095.553641000
 1134.116702000
 1134.141209000
 1134.148843000
 1134.219075000
 1170.929502000
 1171.106564000
 1193.921443000
 1194.051820000
 1200.424041000
 1200.521281000
 1219.278623000
 1219.290871000
 1219.341951000
 1219.454535000
 1346.256956000
 1408.888771000
 1409.038610000
 1412.023552000
 1412.145326000
 1437.620387000
 1437.661908000
 1437.681754000
 1437.744320000
 1467.940227000
 1467.949719000
 1467.993151000
 1468.004674000
 1489.825656000
 1551.709610000
 1551.784781000
 1608.695477000
 1705.224462000
 1705.279696000
 1708.193217000
 1708.220074000
 1708.304110000
 1708.335987000
 1711.779448000
 1711.798993000
 1711.839510000
 1711.853787000
 1752.080232000
 1752.141722000
 1760.237023000
 1772.459255000
 1962.647957000
 2207.674636000
 2208.251118000
 2248.419365000
 2248.427216000
 2248.510811000
 2248.543261000
 2262.491643000
 2262.523365000
 2262.598967000
 2262.628564000
 2305.823855000
 2306.313214000
 2306.526635000
 2307.007104000
 2313.268648000
 2313.965364000
 2314.649979000
 2315.353697000
 2842.839610000
 2843.369172000
 2864.466859000
 2864.565331000
 2864.577867000
 2864.605842000
 2915.235823000
 2915.663241000
 2956.180486000
 2956.865331000
 2956.904959000
 2956.957699000
 2956.980550000
 3142.697737000


 P=      70.0000 V=    1118.6031 E=    -549.547645540
    0.000000000    0.000000000    0.000000000
   -0.190330000
   -0.178398000
   -0.140220000
  219.279065000
  219.293609000
  226.501766000
  226.642319000
  226.671860000
  226.716136000
  393.079563000
  393.176175000
  412.788182000
  412.878146000
  412.888236000
  412.968739000
  425.125251000
  425.223767000
  459.685906000
  459.821083000
  459.839663000
  459.841591000
  471.540733000
  497.008251000
  497.021865000
  517.665801000
  517.772152000
  517.784112000
  517.787770000
  558.167432000
  558.261805000
  559.045265000
  559.077487000
  603.153201000
  603.208245000
  621.201972000
  621.296321000
  639.363162000
  639.437704000
  660.416501000
  660.426283000
  660.444965000
  660.462687000
  747.613671000
  795.617799000
  808.170514000
  808.264008000
  808.267554000
  808.367904000
 1014.058655000
 1014.067693000
 1033.641659000
 1116.337109000
 1124.911064000
 1124.916425000
 1150.990067000
 1150.998143000
 1151.004836000
 1151.046048000
 1177.133837000
 1177.174060000
 1179.325505000
 1179.327213000
 1186.927137000
 1186.946719000
 1186.952133000
 1186.986630000
 1238.795516000
 1238.816614000
 1238.841417000
 1238.846872000
 1265.322105000
 1265.359933000
 1287.714134000
 1287.728331000
 1293.971750000
 1294.023425000
 1304.222238000
 1304.240309000
 1304.248602000
 1304.276201000
 1451.534359000
 1463.272465000
 1519.874629000
 1519.897104000
 1521.883246000
 1521.900463000
 1544.548726000
 1544.567193000
 1544.573622000
 1544.626656000
 1566.307360000
 1566.314689000
 1566.330493000
 1566.340189000
 1620.896052000
 1665.664693000
 1665.712444000
 1703.495329000
 1703.505684000
 1703.566004000
 1703.585014000
 1713.288823000
 1713.311725000
 1728.631212000
 1728.641128000
 1728.642179000
 1728.660650000
 1730.541155000
 1760.706026000
 1760.725800000
 1788.130723000
 1819.864899000
 1819.888209000
 1819.897508000
 1819.899319000
 1847.012599000
 1852.343446000
 1852.357223000
 1852.421913000
 1852.429233000
 1889.003407000
 1889.305294000
 1891.556644000
 1893.309447000
 1893.593198000
 1902.643427000
 1902.932234000
 1906.875401000
 1907.164564000
 2011.696246000
 2673.349240000
 2673.564758000
 2688.809623000
 2688.842028000
 2688.844313000
 2688.872085000
 2786.396783000
 2786.591200000
 2813.522189000
 2815.867402000
 2815.909392000
 2815.940928000
 2815.948763000
 3062.674005000
 weight
 0.0 0.0 0.0 1.0
