

 #v,#q,#freq,#unit
 6, 1, 144,16
 P=      -1.0000 V=    2280.9447 E=    -550.869758620
    0.000000000    0.000000000    0.000000000
   -0.417508000
   -0.321050000
   -0.219559000
   94.854971000
   95.309789000
   95.529279000
   95.688938000
   96.231927000
  110.654306000
  111.414189000
  112.445331000
  112.520682000
  112.588489000
  112.678953000
  114.356517000
  130.673256000
  139.471867000
  143.658968000
  145.289137000
  145.406342000
  145.705959000
  145.841599000
  154.825113000
  155.249313000
  158.235314000
  162.271412000
  168.922608000
  170.659449000
  171.081515000
  171.202785000
  171.541981000
  172.549158000
  178.091984000
  180.441536000
  184.729823000
  184.914473000
  185.082073000
  185.268710000
  199.832146000
  202.626403000
  209.937107000
  210.187613000
  210.482032000
  210.634486000
  213.370675000
  224.794769000
  236.278410000
  247.499776000
  524.870370000
  534.474012000
  535.607797000
  536.952804000
  542.342827000
  548.055367000
  565.744583000
  566.213372000
  566.889553000
  567.285948000
  584.025300000
  589.528192000
  603.755868000
  607.450742000
  616.212763000
  616.595668000
  616.755429000
  617.144042000
  617.547565000
  647.932082000
  660.535883000
  665.388493000
  665.709548000
  666.395102000
  666.848485000
  686.484528000
  686.734817000
  687.435375000
  687.626554000
  707.569995000
  719.118936000
  719.996877000
  720.580053000
  781.398138000
  801.176298000
  801.266642000
  801.927135000
  802.409673000
  822.403906000
  822.990604000
  823.319652000
  823.767338000
  850.567730000
  865.904179000
  879.102686000
  879.688691000
  919.888390000
  929.488723000
 1583.748591000
 1595.069321000
 1608.828238000
 1633.004608000
 1639.015196000
 1639.284065000
 1639.481280000
 1639.638661000
 1648.294146000
 1652.505244000
 1652.616033000
 1652.811219000
 1652.952740000
 1653.195393000
 1681.077599000
 1706.508026000
 3348.112500000
 3349.991383000
 3377.214420000
 3379.260139000
 3380.671866000
 3381.113613000
 3382.833062000
 3383.816700000
 3384.594645000
 3385.543737000
 3430.128097000
 3430.180982000
 3430.334438000
 3431.040108000
 3449.656872000
 3450.968256000
 3451.917168000
 3452.527408000
 3452.583138000
 3452.668618000
 3453.335878000
 3453.912281000
 3456.240986000
 3478.146884000
 3494.044525000
 3498.639420000
 3500.015311000
 3500.462274000
 3501.070047000
 3501.724199000
 3504.277021000
 3504.761258000


 P=       0.0000 V=    2183.9244 E=    -550.868281620
    0.000000000    0.000000000    0.000000000
   -0.293260000
   -0.247861000
   -0.199512000
  109.796954000
  110.570647000
  110.855960000
  111.361795000
  114.373752000
  117.271528000
  117.962992000
  118.416534000
  118.619325000
  118.952446000
  119.498123000
  125.196594000
  136.439900000
  151.545402000
  157.622141000
  158.301797000
  158.519988000
  158.838766000
  159.103368000
  169.358107000
  169.709832000
  170.607971000
  177.118490000
  179.809058000
  181.345466000
  181.859132000
  182.003722000
  182.471164000
  183.003122000
  189.579624000
  199.334654000
  199.721458000
  199.946234000
  200.076772000
  200.585737000
  218.565673000
  225.185202000
  230.489103000
  232.822964000
  233.155932000
  233.611499000
  234.685414000
  247.728197000
  260.366353000
  265.114085000
  527.325107000
  541.559219000
  543.350425000
  545.523995000
  550.570734000
  553.647176000
  577.882715000
  578.589042000
  579.789523000
  580.472831000
  594.679837000
  606.629219000
  607.207596000
  616.624119000
  627.644787000
  628.076462000
  629.534356000
  629.744677000
  631.207308000
  656.289081000
  676.655829000
  677.402052000
  677.984564000
  678.896462000
  679.776205000
  695.463582000
  696.050485000
  697.272612000
  697.343695000
  718.163262000
  733.552986000
  733.654009000
  737.561702000
  800.716653000
  816.231438000
  816.481373000
  817.572083000
  818.299852000
  843.690307000
  844.728050000
  845.856170000
  846.541849000
  866.528266000
  884.209815000
  900.126646000
  900.806730000
  944.397134000
  950.237450000
 1584.291963000
 1594.661144000
 1612.515861000
 1636.942750000
 1642.201333000
 1642.789204000
 1643.386022000
 1643.535796000
 1651.738062000
 1656.598049000
 1656.936566000
 1657.395764000
 1657.689752000
 1659.499347000
 1688.486553000
 1713.938107000
 3334.700317000
 3336.845200000
 3364.913980000
 3367.638229000
 3368.614075000
 3370.219957000
 3370.954054000
 3372.213235000
 3372.670898000
 3375.756232000
 3424.393839000
 3427.056630000
 3427.433017000
 3428.023735000
 3435.941462000
 3436.860311000
 3437.045573000
 3437.241669000
 3437.577263000
 3438.118333000
 3439.245287000
 3440.633525000
 3453.041725000
 3480.250918000
 3487.464659000
 3490.020030000
 3492.742178000
 3493.096023000
 3494.747333000
 3495.887411000
 3497.911000000
 3499.754189000


 P=      10.0000 V=    1664.5705 E=    -550.724589290
    0.000000000    0.000000000    0.000000000
   -0.222566000
   -0.188116000
   -0.156680000
  156.874359000
  156.958739000
  157.144145000
  157.379187000
  159.215265000
  162.675230000
  245.355284000
  246.155742000
  247.608517000
  248.039283000
  249.012690000
  251.154112000
  252.311852000
  255.970654000
  262.182495000
  262.679529000
  263.109713000
  264.420839000
  264.897136000
  266.449287000
  268.511799000
  269.108325000
  270.072395000
  270.710370000
  272.516563000
  275.821869000
  279.549888000
  280.419891000
  286.746262000
  290.573312000
  317.801123000
  317.914034000
  318.232693000
  318.476113000
  348.187904000
  353.265605000
  371.253129000
  392.391992000
  394.474639000
  394.993102000
  395.733474000
  397.113059000
  406.742539000
  419.631329000
  427.886760000
  687.502905000
  701.135801000
  709.224870000
  726.651106000
  733.491657000
  735.491204000
  769.013714000
  771.352664000
  772.190881000
  773.477247000
  773.857730000
  790.932458000
  801.751603000
  813.783219000
  814.496526000
  815.627988000
  816.472758000
  824.383293000
  825.687533000
  848.699246000
  865.907517000
  868.798716000
  869.896995000
  870.414518000
  872.539439000
  892.877973000
  893.438109000
  894.708450000
  895.717226000
  896.016307000
  918.897690000
  941.629901000
  958.742630000
 1011.956943000
 1036.523279000
 1037.521000000
 1038.643380000
 1039.755358000
 1056.041814000
 1057.433320000
 1059.017779000
 1059.672473000
 1090.402457000
 1130.509242000
 1131.763793000
 1141.855072000
 1176.617994000
 1182.485944000
 1593.095139000
 1611.533738000
 1627.359517000
 1662.499541000
 1674.495724000
 1675.374597000
 1676.043534000
 1676.721588000
 1690.111630000
 1694.476985000
 1695.020111000
 1695.358847000
 1696.128840000
 1716.822281000
 1736.078170000
 1788.169406000
 3019.281419000
 3024.895126000
 3052.539923000
 3061.605984000
 3065.798605000
 3066.900436000
 3070.189132000
 3071.003574000
 3076.389731000
 3082.847265000
 3122.036761000
 3123.716483000
 3125.076275000
 3125.143704000
 3125.468809000
 3125.667470000
 3126.519285000
 3128.224454000
 3244.050900000
 3245.383399000
 3245.968178000
 3247.969863000
 3280.638836000
 3283.976020000
 3292.222761000
 3294.567145000
 3296.687816000
 3303.227222000
 3304.908344000
 3309.203338000
 3318.226491000
 3355.866502000


 P=      30.0000 V=    1362.1779 E=    -550.336946240
    0.000000000    0.000000000    0.000000000
   -0.124069000
   -0.093990000
   -0.077250000
  191.279298000
  191.324309000
  191.348902000
  191.396475000
  193.967933000
  198.018373000
  334.648976000
  338.305006000
  340.580892000
  340.615338000
  340.658798000
  340.695417000
  344.078259000
  346.535392000
  352.608351000
  359.564340000
  360.745134000
  360.891131000
  360.929204000
  361.008379000
  375.610791000
  380.159700000
  380.270928000
  380.294007000
  380.305672000
  380.975209000
  381.492988000
  395.991311000
  396.293321000
  401.747014000
  437.815602000
  437.875838000
  437.905505000
  437.909888000
  479.057371000
  501.375802000
  514.561245000
  556.562655000
  556.641422000
  556.747583000
  556.813285000
  557.929612000
  567.574516000
  574.944413000
  592.074716000
  832.656377000
  842.599504000
  848.576288000
  895.556573000
  903.293732000
  909.910904000
  933.534879000
  951.553059000
  951.585121000
  951.704329000
  951.850043000
  954.266192000
  970.414929000
  984.034189000
  984.126064000
  984.273407000
  984.410879000
 1003.938427000
 1010.732128000
 1029.440363000
 1044.749162000
 1044.861800000
 1045.017876000
 1045.148814000
 1045.339995000
 1053.852523000
 1066.564108000
 1066.746292000
 1066.840096000
 1066.956272000
 1084.186401000
 1123.050963000
 1167.785688000
 1214.070145000
 1238.922313000
 1239.012061000
 1239.130698000
 1239.198675000
 1255.499551000
 1255.672906000
 1255.707206000
 1255.815790000
 1286.958346000
 1337.425644000
 1342.557792000
 1358.055777000
 1362.566385000
 1399.311222000
 1603.005713000
 1627.172638000
 1652.051162000
 1691.059649000
 1710.514336000
 1710.563728000
 1710.586997000
 1710.690006000
 1734.313415000
 1734.507062000
 1734.545395000
 1734.578493000
 1734.671600000
 1786.083677000
 1799.942675000
 1873.343228000
 2606.241896000
 2611.393518000
 2652.941941000
 2654.869450000
 2655.702810000
 2655.835269000
 2657.605345000
 2657.637874000
 2657.801388000
 2661.242948000
 2708.192090000
 2709.860897000
 2710.108513000
 2710.344737000
 2710.449865000
 2710.744791000
 2711.183333000
 2711.920774000
 3035.306122000
 3035.947164000
 3036.520017000
 3036.993243000
 3057.185594000
 3058.015766000
 3098.431792000
 3099.407013000
 3099.812039000
 3100.587273000
 3112.574496000
 3113.232949000
 3123.156522000
 3237.248816000


 P=      50.0000 V=    1213.4007 E=    -549.934836170
    0.000000000    0.000000000    0.000000000
   -0.144719000
   -0.123015000
   -0.108456000
  214.580908000
  214.597767000
  214.635496000
  214.675284000
  217.430015000
  219.692951000
  380.316612000
  386.044916000
  386.178244000
  386.221600000
  386.444556000
  387.056156000
  391.088745000
  402.998302000
  407.561117000
  416.132216000
  428.138362000
  428.172534000
  428.288739000
  428.426480000
  448.853538000
  457.186682000
  463.620924000
  464.370017000
  464.628036000
  464.689243000
  464.969463000
  469.005040000
  479.495861000
  480.591240000
  524.671831000
  524.689576000
  524.780985000
  524.835489000
  561.997551000
  610.060966000
  629.219520000
  672.899231000
  672.997397000
  673.156379000
  673.435799000
  673.609638000
  684.931363000
  692.775220000
  711.909907000
  937.955596000
  946.936862000
  949.241708000
 1015.155116000
 1020.770209000
 1030.799903000
 1065.576858000
 1074.462099000
 1078.494995000
 1078.615849000
 1078.728064000
 1078.779389000
 1094.646894000
 1102.574181000
 1102.637274000
 1102.790160000
 1102.884533000
 1116.821190000
 1148.458422000
 1155.400926000
 1170.660952000
 1170.979116000
 1171.073909000
 1171.245345000
 1172.617203000
 1186.470729000
 1187.213661000
 1187.351557000
 1187.513826000
 1187.684761000
 1197.178768000
 1236.695753000
 1321.998702000
 1362.793097000
 1382.155584000
 1382.280709000
 1382.504054000
 1382.672521000
 1398.367694000
 1398.618378000
 1398.743741000
 1398.935385000
 1407.559270000
 1484.389390000
 1484.635216000
 1488.305543000
 1499.256021000
 1546.710757000
 1610.996241000
 1639.180652000
 1674.135994000
 1708.829227000
 1732.857275000
 1733.076053000
 1733.145127000
 1733.239907000
 1760.135233000
 1760.383261000
 1760.422043000
 1760.517047000
 1768.830025000
 1820.029724000
 1882.837446000
 1936.559170000
 2158.160041000
 2170.142324000
 2185.031177000
 2188.354785000
 2234.135832000
 2235.213167000
 2237.780254000
 2238.380906000
 2290.777315000
 2293.705143000
 2294.071646000
 2294.675194000
 2294.973834000
 2295.767723000
 2298.712084000
 2300.532904000
 2314.336497000
 2322.466072000
 2825.866374000
 2845.316949000
 2845.813847000
 2846.457331000
 2847.071349000
 2884.159653000
 2919.868080000
 2933.347956000
 2933.859515000
 2934.624392000
 2935.236696000
 2952.776222000
 2981.893602000
 3138.100409000


 P=      70.0000 V=    1118.5029 E=    -549.546812270
    0.000000000    0.000000000    0.000000000
   -0.238983000
   -0.198680000
   -0.107977000
  229.553798000
  229.563893000
  229.570340000
  229.587715000
  232.507655000
  232.540694000
  406.117275000
  414.069861000
  414.077250000
  414.101861000
  414.120833000
  418.482635000
  422.714882000
  430.513577000
  449.638871000
  453.585531000
  477.983469000
  478.000802000
  478.011010000
  478.028663000
  492.497164000
  513.267735000
  521.255190000
  527.897258000
  527.914301000
  527.934594000
  527.983241000
  529.928787000
  533.166296000
  548.930920000
  594.597771000
  594.624293000
  594.638215000
  594.646880000
  616.766608000
  704.334251000
  723.621982000
  765.722699000
  767.328902000
  767.348713000
  767.371181000
  767.386523000
  778.210248000
  793.679758000
  804.235153000
 1016.481342000
 1021.066632000
 1026.459113000
 1105.952578000
 1108.439103000
 1119.114049000
 1167.908222000
 1168.366241000
 1171.958497000
 1171.979101000
 1172.020950000
 1172.043814000
 1185.713321000
 1188.815137000
 1188.859022000
 1188.890730000
 1188.969761000
 1194.940609000
 1220.428822000
 1264.728907000
 1264.756797000
 1264.795951000
 1264.843936000
 1266.586045000
 1270.107346000
 1276.664471000
 1276.713141000
 1276.740825000
 1276.782281000
 1278.332835000
 1282.784198000
 1317.793203000
 1439.905656000
 1477.798750000
 1479.737050000
 1491.802733000
 1491.854065000
 1491.884827000
 1491.910927000
 1505.071009000
 1505.119331000
 1505.135547000
 1505.142435000
 1570.311269000
 1582.975787000
 1584.499778000
 1599.815544000
 1606.211605000
 1633.783629000
 1637.982128000
 1702.213002000
 1702.555582000
 1716.763874000
 1726.676845000
 1740.367218000
 1740.398244000
 1740.434238000
 1740.467921000
 1742.827143000
 1763.903700000
 1771.921731000
 1771.988688000
 1772.016494000
 1772.039766000
 1789.133897000
 1821.308231000
 1821.443985000
 1821.624393000
 1822.085498000
 1862.499762000
 1891.298083000
 1892.644054000
 1892.716625000
 1892.925148000
 1893.049488000
 1907.761937000
 1909.206834000
 1921.265345000
 1923.931788000
 1934.684815000
 1958.830053000
 1998.350054000
 2644.676639000
 2682.414611000
 2682.640399000
 2682.662078000
 2682.747986000
 2723.555304000
 2777.146157000
 2802.569674000
 2802.760782000
 2802.813120000
 2802.878097000
 2815.938633000
 2855.276613000
 3062.612562000
 weight
 0.0 0.0 0.0 1.0
