

 #v,#q,#freq,#unit
 6, 1, 144,16
 P=      -1.0000 V=    2284.0485 E=    -550.871832240
    0.000000000    0.000000000    0.000000000
   -0.636126000
   -0.360359000
   -0.343173000
   52.059027000
   83.028408000
   83.232035000
  106.966036000
  106.999129000
  110.904233000
  113.451157000
  117.284117000
  117.924545000
  121.236339000
  121.363094000
  125.655058000
  137.774228000
  138.025929000
  138.608479000
  142.209854000
  153.218918000
  153.271675000
  154.867340000
  158.731104000
  159.061557000
  159.983382000
  163.966317000
  167.776445000
  168.199088000
  170.513212000
  171.548332000
  171.759467000
  172.786886000
  173.264853000
  174.203097000
  177.826659000
  177.905485000
  183.617586000
  184.109001000
  184.527143000
  188.053225000
  207.914608000
  208.401380000
  217.206976000
  219.077097000
  219.095116000
  219.968561000
  223.150409000
  237.451864000
  518.845033000
  531.687191000
  531.855142000
  545.153174000
  545.193875000
  551.244970000
  558.517454000
  558.710540000
  562.917090000
  568.709653000
  572.297041000
  575.639504000
  593.586762000
  593.852747000
  595.485280000
  606.531783000
  613.245514000
  629.193325000
  629.741615000
  629.753769000
  634.065153000
  638.459987000
  642.977662000
  644.272723000
  652.788148000
  658.455979000
  690.346403000
  690.371080000
  707.414909000
  717.148876000
  759.315403000
  759.924202000
  763.381611000
  785.068090000
  785.296695000
  790.636286000
  791.076082000
  803.745280000
  812.684923000
  813.159971000
  837.300719000
  837.304072000
  839.213253000
  875.360152000
  890.126929000
  894.887464000
  894.981809000
  948.607562000
 1570.116328000
 1599.531553000
 1615.965649000
 1616.241322000
 1626.846603000
 1630.114165000
 1644.733862000
 1644.888449000
 1645.193995000
 1649.530543000
 1649.798731000
 1658.531010000
 1661.651175000
 1661.864684000
 1687.463047000
 1695.374418000
 3351.663208000
 3353.471745000
 3382.591405000
 3385.467171000
 3386.350499000
 3387.226195000
 3398.135644000
 3398.345442000
 3399.954288000
 3400.002132000
 3404.375083000
 3404.415371000
 3405.053962000
 3405.340285000
 3453.891148000
 3454.204938000
 3454.485108000
 3455.319967000
 3456.770131000
 3478.889675000
 3481.381852000
 3481.825415000
 3485.923770000
 3486.312131000
 3487.500436000
 3487.876826000
 3489.071633000
 3489.452189000
 3499.058800000
 3499.270293000
 3504.821961000
 3506.862256000


 P=       0.0000 V=    2173.9328 E=    -550.871929190
    0.000000000    0.000000000    0.000000000
   -0.456263000
   -0.356239000
   -0.279535000
   78.856039000
  103.977139000
  104.206887000
  112.309992000
  117.454328000
  122.726703000
  123.410804000
  126.817013000
  127.076823000
  128.436575000
  133.020187000
  142.553683000
  153.153435000
  153.504072000
  153.818682000
  160.692122000
  169.182061000
  169.310611000
  170.183941000
  173.924597000
  175.076933000
  175.229068000
  180.896747000
  182.300011000
  182.300303000
  182.593265000
  185.196395000
  185.655065000
  187.283787000
  187.588090000
  188.178622000
  194.519661000
  194.660330000
  202.628077000
  203.407738000
  204.425934000
  209.974052000
  231.325079000
  231.775122000
  240.190449000
  240.199641000
  240.940291000
  244.964062000
  247.006536000
  260.658618000
  528.765122000
  543.052966000
  543.196769000
  559.667065000
  559.883793000
  566.582760000
  572.135579000
  572.397927000
  579.799592000
  582.800735000
  588.253168000
  593.081497000
  610.240021000
  610.841884000
  612.256619000
  621.975898000
  635.085992000
  645.244145000
  645.699827000
  646.306484000
  649.894445000
  658.318238000
  658.344178000
  659.403340000
  667.266181000
  673.262758000
  713.846478000
  714.442240000
  726.864275000
  742.029177000
  784.031747000
  784.505051000
  788.580786000
  809.284553000
  809.653815000
  812.177521000
  822.732942000
  824.450348000
  835.488835000
  835.951861000
  861.413461000
  861.418219000
  862.147915000
  901.239463000
  918.971954000
  926.379845000
  926.432695000
  982.455520000
 1566.508316000
 1598.396018000
 1616.283375000
 1616.529224000
 1628.173710000
 1630.926662000
 1646.496354000
 1646.547510000
 1646.749658000
 1651.894892000
 1652.126519000
 1661.525762000
 1664.924738000
 1665.047710000
 1693.185414000
 1702.482663000
 3325.625702000
 3327.971082000
 3359.261352000
 3362.603723000
 3367.860279000
 3369.800521000
 3372.468425000
 3372.511038000
 3375.428650000
 3375.456837000
 3389.336263000
 3390.701626000
 3391.023363000
 3392.513985000
 3430.346685000
 3431.109349000
 3433.541488000
 3435.072080000
 3449.954094000
 3463.914412000
 3464.842843000
 3469.183584000
 3469.948987000
 3470.395939000
 3477.388614000
 3478.387408000
 3480.278566000
 3481.599439000
 3489.503797000
 3490.007918000
 3491.918360000
 3499.459834000


 P=      10.0000 V=    1664.8889 E=    -550.727508170
    0.000000000    0.000000000    0.000000000
   -0.224933000
   -0.220197000
   -0.170495000
  153.815348000
  160.171353000
  164.991110000
  165.189373000
  165.440099000
  166.479040000
  211.914856000
  228.150461000
  228.151563000
  247.429273000
  250.019528000
  254.514801000
  254.642914000
  257.938129000
  261.959163000
  263.795259000
  264.863650000
  267.200770000
  267.292892000
  267.309728000
  269.501557000
  270.171588000
  272.230826000
  272.273946000
  290.515473000
  290.686858000
  290.753928000
  291.339136000
  296.990300000
  301.569190000
  301.833353000
  312.985713000
  313.324178000
  336.553871000
  336.930560000
  345.582912000
  358.168370000
  387.307256000
  387.673510000
  389.926126000
  389.992332000
  403.147803000
  408.468584000
  415.341024000
  422.592344000
  695.850821000
  699.447551000
  699.754111000
  730.528876000
  730.895502000
  749.195048000
  751.574435000
  756.323548000
  757.453811000
  759.499539000
  763.867049000
  792.199616000
  796.867988000
  797.948052000
  798.996154000
  804.528627000
  816.304124000
  823.434415000
  835.614049000
  837.721128000
  840.316337000
  841.795422000
  843.016056000
  846.141063000
  847.604304000
  860.801438000
  896.422625000
  897.092022000
  921.349385000
  932.680528000
  988.669042000
  990.865487000
  997.804744000
 1015.410241000
 1018.422637000
 1020.646558000
 1040.667765000
 1043.160287000
 1047.168123000
 1048.120259000
 1076.912807000
 1082.301503000
 1082.752991000
 1120.845658000
 1145.315997000
 1154.557251000
 1155.558230000
 1211.669957000
 1564.561338000
 1612.467586000
 1638.207577000
 1639.726205000
 1657.211213000
 1660.533989000
 1678.112914000
 1678.879390000
 1681.742839000
 1687.680676000
 1688.477530000
 1700.346827000
 1705.366305000
 1706.282959000
 1758.086461000
 1768.203669000
 3025.801342000
 3029.684639000
 3066.893987000
 3070.127791000
 3074.240495000
 3076.810085000
 3092.241750000
 3092.458213000
 3095.098517000
 3095.453632000
 3096.589573000
 3097.579830000
 3100.245058000
 3100.648102000
 3125.516159000
 3126.324682000
 3130.670490000
 3131.205727000
 3266.370067000
 3267.534133000
 3268.027298000
 3270.327549000
 3285.525289000
 3287.256216000
 3289.120809000
 3289.254501000
 3290.742836000
 3291.735528000
 3292.770866000
 3309.990133000
 3315.839283000
 3356.817605000


 P=      30.0000 V=    1362.5428 E=    -550.339478500
    0.000000000    0.000000000    0.000000000
   -0.157640000
   -0.123286000
   -0.119746000
  189.816794000
  197.695909000
  198.144266000
  198.165225000
  200.218374000
  201.173673000
  317.738587000
  329.503146000
  329.618706000
  333.099529000
  336.145156000
  336.172780000
  338.847048000
  341.363566000
  343.033820000
  350.255546000
  356.044277000
  362.002216000
  363.580651000
  363.663888000
  371.371032000
  371.399975000
  380.071510000
  388.633701000
  394.384446000
  401.162199000
  401.170120000
  402.543694000
  411.439804000
  411.727069000
  439.105059000
  439.273503000
  442.224171000
  473.915954000
  474.036613000
  490.366387000
  497.932579000
  535.452364000
  535.462217000
  547.347218000
  547.500055000
  567.714153000
  569.427693000
  586.718676000
  587.089988000
  842.078123000
  842.254753000
  843.042527000
  894.823737000
  894.907351000
  911.431393000
  922.401089000
  926.424590000
  931.648998000
  931.696353000
  941.564377000
  967.478279000
  973.373094000
  974.384196000
  974.532110000
  976.848405000
  986.760105000
  998.018369000
  999.982638000
 1003.527413000
 1003.690862000
 1008.194155000
 1031.307614000
 1031.338978000
 1035.529313000
 1040.761885000
 1069.050948000
 1069.252468000
 1098.481812000
 1116.333648000
 1183.608920000
 1183.869024000
 1198.235291000
 1206.594356000
 1208.046882000
 1208.502526000
 1240.268511000
 1246.597748000
 1246.994470000
 1250.782559000
 1279.268530000
 1287.855872000
 1287.953433000
 1325.839827000
 1344.613045000
 1371.430761000
 1371.481697000
 1417.531208000
 1562.163270000
 1627.287600000
 1665.687232000
 1666.002113000
 1689.216604000
 1696.400641000
 1710.486312000
 1710.540963000
 1721.397305000
 1725.842959000
 1725.969184000
 1744.917750000
 1749.538210000
 1749.725922000
 1837.415190000
 1849.378604000
 2608.970202000
 2613.573323000
 2652.830336000
 2657.273296000
 2666.921889000
 2668.143717000
 2679.509472000
 2679.999726000
 2682.995676000
 2683.504114000
 2691.750017000
 2691.902435000
 2693.176052000
 2693.270114000
 2713.277435000
 2715.388396000
 2716.170998000
 2716.989246000
 3045.004768000
 3045.249559000
 3046.493813000
 3046.981183000
 3058.870733000
 3066.328651000
 3097.478261000
 3097.643538000
 3100.336218000
 3100.439910000
 3106.127613000
 3122.419655000
 3122.983202000
 3238.764592000


 P=      50.0000 V=    1215.4298 E=    -549.943713560
    0.000000000    0.000000000    0.000000000
   -0.115137000
   -0.091267000
   -0.090870000
  211.368388000
  216.860088000
  216.954209000
  217.538040000
  218.982460000
  219.884094000
  374.073091000
  379.876736000
  383.051521000
  383.092539000
  383.195288000
  387.068152000
  387.094504000
  391.197934000
  405.443232000
  417.746134000
  421.013285000
  423.957584000
  432.173028000
  432.198403000
  438.428909000
  438.453715000
  453.401585000
  465.218233000
  472.016878000
  475.775716000
  475.881602000
  484.141537000
  485.425892000
  485.520569000
  535.262418000
  535.272950000
  553.689253000
  572.681151000
  572.777283000
  589.222190000
  594.853374000
  639.219216000
  639.231641000
  658.259550000
  658.284586000
  683.378539000
  684.178802000
  702.882188000
  711.050724000
  940.968692000
  941.004008000
  941.960492000
 1012.819106000
 1012.848946000
 1023.707525000
 1049.308755000
 1049.614827000
 1054.314050000
 1054.318415000
 1067.736340000
 1086.839459000
 1087.076154000
 1091.956617000
 1092.084293000
 1100.647267000
 1100.693358000
 1106.892859000
 1107.805606000
 1121.459286000
 1121.531247000
 1143.320826000
 1154.201348000
 1158.552440000
 1158.679732000
 1162.031838000
 1186.488884000
 1186.550658000
 1214.488878000
 1240.667318000
 1307.220611000
 1307.329597000
 1336.988058000
 1337.143619000
 1339.211377000
 1342.855200000
 1372.533034000
 1383.697025000
 1385.718967000
 1385.821943000
 1415.053286000
 1422.357900000
 1422.433626000
 1460.868179000
 1471.239767000
 1516.463204000
 1516.506185000
 1541.485270000
 1559.371040000
 1635.588839000
 1686.496715000
 1686.579271000
 1711.621226000
 1723.227324000
 1727.874832000
 1727.915286000
 1749.376196000
 1753.294309000
 1753.296407000
 1779.241101000
 1779.275913000
 1780.622980000
 1903.252520000
 1919.095364000
 2217.159967000
 2221.302251000
 2264.235307000
 2269.407383000
 2272.697513000
 2278.441257000
 2291.527285000
 2291.617917000
 2299.846382000
 2299.986153000
 2302.566663000
 2302.941203000
 2308.255104000
 2308.284733000
 2324.225191000
 2327.851449000
 2328.493692000
 2334.834213000
 2861.914692000
 2861.914888000
 2866.494626000
 2866.660470000
 2876.247087000
 2879.240161000
 2947.812395000
 2947.832318000
 2951.416499000
 2951.470839000
 2963.016499000
 2965.003582000
 2969.991087000
 3150.961225000


 P=      70.0000 V=    1119.2939 E=    -549.551652640
    0.000000000    0.000000000    0.000000000
   -0.148848000
   -0.142337000
   -0.117864000
  227.878681000
  231.504604000
  231.514882000
  233.143223000
  234.230595000
  234.351015000
  404.478065000
  405.650656000
  410.623771000
  412.515980000
  412.525756000
  418.111689000
  418.193404000
  424.365764000
  450.573465000
  453.828971000
  477.943391000
  478.670587000
  484.470649000
  484.544924000
  489.384742000
  489.404940000
  502.094079000
  522.677599000
  532.143627000
  532.188371000
  537.251740000
  542.341838000
  544.296065000
  544.315026000
  616.127049000
  616.183215000
  649.677413000
  651.992741000
  656.611469000
  656.721123000
  687.566183000
  725.056606000
  725.143946000
  745.277900000
  745.411977000
  775.451129000
  779.946346000
  801.755312000
  815.505662000
 1019.539349000
 1019.572232000
 1021.179779000
 1104.816709000
 1104.834208000
 1112.744227000
 1148.484513000
 1150.875536000
 1157.030436000
 1157.112853000
 1165.552344000
 1180.925749000
 1181.320094000
 1184.028765000
 1184.121137000
 1184.942299000
 1192.110366000
 1194.265141000
 1201.555946000
 1218.156576000
 1218.196999000
 1245.174239000
 1251.799540000
 1259.130707000
 1259.197364000
 1267.242349000
 1279.307838000
 1279.335831000
 1299.789717000
 1336.017030000
 1387.571731000
 1387.590806000
 1450.326165000
 1450.374348000
 1453.826747000
 1459.847929000
 1463.700385000
 1480.858273000
 1495.298926000
 1495.315666000
 1526.103945000
 1532.091378000
 1532.115171000
 1565.634938000
 1568.306641000
 1569.410930000
 1623.289841000
 1623.317938000
 1623.413054000
 1644.267815000
 1702.441084000
 1702.555523000
 1714.528096000
 1730.690851000
 1730.694017000
 1734.340660000
 1765.407458000
 1765.430205000
 1767.585157000
 1769.651829000
 1785.447929000
 1792.336198000
 1792.377343000
 1803.609304000
 1818.784182000
 1841.972508000
 1854.977331000
 1865.199345000
 1865.587976000
 1878.113128000
 1878.835258000
 1879.039820000
 1899.439547000
 1899.962746000
 1904.133130000
 1906.477882000
 1906.762023000
 1924.473161000
 1926.112309000
 1926.349522000
 1970.408922000
 1981.267288000
 2688.012841000
 2688.053599000
 2689.940023000
 2689.994615000
 2690.556404000
 2707.931967000
 2811.118469000
 2811.119379000
 2811.757195000
 2813.599764000
 2813.618104000
 2815.043857000
 2841.714370000
 3068.680813000
 weight
 0.0 0.0 0.0 1.0
