

 #v,#q,#freq,#unit
 6, 1, 144,16
 P=      -1.0000 V=    2293.8312 E=    -550.867948460
    0.000000000    0.000000000    0.000000000
   -0.381141000
   -0.330627000
   -0.231232000
   45.211121000
   46.748637000
   49.896774000
   77.571631000
   97.929421000
   98.004412000
  102.677142000
  109.968242000
  110.207945000
  125.114373000
  125.909689000
  127.622221000
  128.850108000
  136.929614000
  137.013821000
  146.099869000
  146.979537000
  151.927629000
  152.636929000
  152.979109000
  160.097057000
  160.125079000
  161.990967000
  162.522712000
  163.141601000
  163.502417000
  174.627506000
  174.778340000
  175.731563000
  180.371914000
  182.842332000
  183.180672000
  184.544611000
  184.790758000
  185.566562000
  185.666395000
  188.389579000
  190.484980000
  196.926577000
  197.297324000
  216.620792000
  216.799986000
  233.139151000
  233.363852000
  249.122793000
  474.170835000
  526.353895000
  526.957938000
  535.963320000
  537.905143000
  546.129772000
  547.257782000
  558.539822000
  562.256065000
  575.267650000
  589.781449000
  593.262752000
  593.891581000
  595.245101000
  598.233731000
  601.495564000
  603.533134000
  610.285230000
  628.601671000
  631.354471000
  634.166419000
  636.529979000
  651.088107000
  652.809371000
  672.175895000
  685.209924000
  686.946919000
  687.952425000
  689.406177000
  692.392485000
  694.951272000
  705.093887000
  706.590853000
  779.431919000
  780.699193000
  791.389433000
  811.035865000
  813.835368000
  823.652023000
  825.786237000
  855.525616000
  856.260046000
  859.993717000
  860.174986000
  870.687994000
  871.517738000
  913.899592000
  951.455656000
 1581.185778000
 1622.811673000
 1625.683466000
 1626.469821000
 1639.921160000
 1640.483087000
 1641.734455000
 1642.364377000
 1643.382538000
 1644.398336000
 1645.806311000
 1648.350797000
 1648.831622000
 1670.163820000
 1670.786075000
 1716.945021000
 3356.847968000
 3358.866023000
 3387.202896000
 3387.870180000
 3389.204394000
 3389.763574000
 3390.467036000
 3390.988080000
 3391.994663000
 3393.788162000
 3432.918691000
 3435.874604000
 3441.416841000
 3444.539017000
 3455.088853000
 3456.542942000
 3457.637115000
 3457.945430000
 3458.478261000
 3459.366074000
 3460.044648000
 3461.041612000
 3462.203443000
 3485.276471000
 3500.672076000
 3503.119263000
 3503.333534000
 3504.211532000
 3507.557149000
 3510.113814000
 3510.752318000
 3511.271776000


 P=       0.0000 V=    2175.0597 E=    -550.868334800
    0.000000000    0.000000000    0.000000000
   -0.317458000
   -0.280971000
   -0.208885000
   76.380544000
   77.550732000
   80.253547000
   85.770690000
  104.240160000
  104.283487000
  108.926622000
  115.445352000
  116.068512000
  142.805474000
  143.723568000
  149.421704000
  150.984011000
  155.540392000
  159.687735000
  162.766801000
  164.840304000
  169.305581000
  170.011596000
  170.640304000
  175.258986000
  175.557870000
  179.834774000
  180.464667000
  181.198621000
  181.489465000
  188.271623000
  191.411137000
  191.762154000
  193.851205000
  195.675782000
  196.461052000
  203.906137000
  204.747089000
  206.005047000
  206.487616000
  209.634790000
  213.285188000
  218.492905000
  219.993084000
  243.527175000
  243.558419000
  256.880530000
  256.945497000
  276.911620000
  489.172101000
  542.688510000
  542.702676000
  555.746392000
  557.878498000
  564.231459000
  564.494406000
  579.779353000
  581.828588000
  599.683073000
  612.620853000
  613.144070000
  618.491195000
  619.640503000
  621.991567000
  622.294128000
  623.772770000
  640.226959000
  653.146208000
  654.535951000
  656.902925000
  658.316281000
  674.163249000
  676.468904000
  700.750380000
  709.918357000
  710.162731000
  712.223995000
  713.000128000
  714.932392000
  717.580367000
  730.930925000
  731.815962000
  807.144019000
  810.188450000
  819.944049000
  841.322411000
  841.984916000
  855.387939000
  856.098277000
  884.395353000
  886.412599000
  893.553262000
  894.830262000
  903.385999000
  904.464683000
  945.752151000
  986.405774000
 1580.600171000
 1626.399515000
 1627.934316000
 1628.209974000
 1643.032170000
 1643.355782000
 1645.577961000
 1645.871278000
 1647.395994000
 1647.591974000
 1649.340591000
 1651.925730000
 1652.506216000
 1675.447604000
 1676.096021000
 1726.778766000
 3327.835021000
 3329.823221000
 3359.387679000
 3361.704395000
 3361.855238000
 3363.676546000
 3363.945984000
 3364.874952000
 3366.355923000
 3367.093504000
 3418.647702000
 3419.444180000
 3424.504434000
 3425.154506000
 3427.686196000
 3428.242120000
 3428.423197000
 3429.584754000
 3430.501000000
 3430.715402000
 3431.731964000
 3434.888668000
 3446.879552000
 3476.223627000
 3482.134649000
 3482.451929000
 3484.649348000
 3485.638916000
 3490.806118000
 3491.878131000
 3493.275957000
 3495.112226000


 P=      10.0000 V=    1663.7750 E=    -550.723388550
    0.000000000    0.000000000    0.000000000
   -0.172344000
   -0.154413000
   -0.150773000
  137.173045000
  147.122856000
  147.434234000
  151.332527000
  151.558972000
  152.896372000
  212.404913000
  215.252211000
  215.445246000
  244.979751000
  245.082401000
  256.638269000
  256.725742000
  267.196922000
  269.108926000
  272.187935000
  272.974416000
  273.083508000
  276.042315000
  276.142636000
  278.278765000
  278.298630000
  278.532336000
  278.533470000
  278.932159000
  289.292962000
  289.528499000
  291.825929000
  291.941177000
  300.343091000
  300.422739000
  306.146741000
  330.681468000
  330.873081000
  347.227025000
  356.394919000
  356.644068000
  361.263946000
  361.419796000
  361.531974000
  411.511288000
  411.613172000
  416.053894000
  416.663545000
  451.752797000
  658.035142000
  699.683784000
  699.889690000
  739.681497000
  739.853951000
  748.921168000
  751.319944000
  751.430074000
  787.419178000
  791.817696000
  794.548938000
  801.324328000
  801.358746000
  801.699025000
  801.893194000
  825.987062000
  826.099989000
  837.488701000
  837.846590000
  850.507183000
  850.671947000
  858.036126000
  861.127840000
  861.398757000
  879.685228000
  888.770162000
  899.616225000
  899.727420000
  899.912964000
  900.100202000
  919.380539000
  919.599620000
  921.983753000
 1024.530984000
 1024.642985000
 1040.991862000
 1049.680897000
 1049.933630000
 1075.639079000
 1075.789023000
 1096.665124000
 1096.816707000
 1129.247649000
 1129.338072000
 1130.517197000
 1130.579606000
 1145.948024000
 1218.403882000
 1591.461341000
 1652.463826000
 1652.478695000
 1669.422171000
 1669.476748000
 1676.376234000
 1676.532213000
 1681.264985000
 1681.342050000
 1684.869346000
 1684.975094000
 1686.752693000
 1686.797512000
 1716.850708000
 1716.922145000
 1800.617731000
 3022.946144000
 3026.234922000
 3065.804772000
 3065.889153000
 3066.120154000
 3066.154254000
 3068.711810000
 3068.719798000
 3069.771076000
 3069.831580000
 3120.974077000
 3121.033557000
 3121.179141000
 3121.216601000
 3122.104206000
 3123.201385000
 3123.361129000
 3124.628460000
 3237.814003000
 3237.902312000
 3255.297090000
 3255.448646000
 3281.857732000
 3281.898375000
 3284.131528000
 3284.208500000
 3289.786626000
 3306.975556000
 3307.024503000
 3310.734540000
 3310.738433000
 3357.324096000


 P=      30.0000 V=    1361.4706 E=    -550.335186380
    0.000000000    0.000000000    0.000000000
   -0.141159000
   -0.129013000
   -0.104664000
  181.655352000
  184.622988000
  184.748645000
  184.945674000
  185.055381000
  191.081262000
  326.260576000
  330.162700000
  330.250393000
  335.606803000
  335.657243000
  346.004218000
  346.094324000
  346.986841000
  346.991480000
  348.641149000
  348.675814000
  355.563244000
  355.576123000
  360.266324000
  379.090084000
  379.209706000
  381.188154000
  381.258198000
  391.731763000
  391.802937000
  394.644808000
  406.860487000
  406.929363000
  447.862244000
  447.884681000
  455.308821000
  455.695979000
  456.047723000
  475.416132000
  497.333061000
  497.470983000
  501.590883000
  508.537675000
  508.642722000
  570.575358000
  570.707368000
  589.235756000
  589.529119000
  625.691571000
  816.929530000
  845.472896000
  845.582948000
  906.229942000
  906.336575000
  910.683325000
  936.625279000
  936.743136000
  959.692291000
  962.920916000
  971.853943000
  971.872833000
  978.225004000
  978.277775000
  995.332404000
 1001.939203000
 1001.981993000
 1023.155310000
 1023.363526000
 1030.881089000
 1033.230574000
 1033.441567000
 1040.049838000
 1040.108887000
 1040.526909000
 1061.465110000
 1071.310198000
 1071.420190000
 1072.511804000
 1072.708142000
 1087.969448000
 1088.143254000
 1133.369931000
 1226.155050000
 1226.301537000
 1246.303163000
 1246.694510000
 1253.003052000
 1277.920706000
 1278.215708000
 1286.270223000
 1294.455822000
 1294.540244000
 1335.781815000
 1335.898285000
 1347.112757000
 1347.127636000
 1432.149216000
 1608.080668000
 1680.972666000
 1681.044931000
 1692.769576000
 1692.908619000
 1706.311106000
 1717.141779000
 1717.275900000
 1724.831691000
 1724.909133000
 1734.752722000
 1734.857863000
 1756.749248000
 1756.845569000
 1767.211044000
 1883.750650000
 2602.112691000
 2609.487865000
 2651.033011000
 2651.039154000
 2652.428318000
 2652.460789000
 2652.650052000
 2652.695307000
 2654.940811000
 2654.955696000
 2701.921233000
 2701.972614000
 2703.101804000
 2703.930530000
 2705.905321000
 2707.172031000
 2707.728998000
 2707.766997000
 3023.265565000
 3023.280422000
 3053.638883000
 3053.643500000
 3058.279676000
 3058.320467000
 3068.300141000
 3068.316312000
 3109.456218000
 3109.456810000
 3109.786878000
 3115.951834000
 3115.982249000
 3237.166537000


 P=      50.0000 V=    1214.9021 E=    -549.939125850
    0.000000000    0.000000000    0.000000000
   -0.147248000
   -0.138970000
   -0.113625000
  206.816956000
  207.155701000
  207.356033000
  209.071460000
  209.089741000
  213.265634000
  392.276002000
  392.442434000
  393.501054000
  394.070097000
  394.082633000
  394.856253000
  397.030166000
  397.041443000
  398.817890000
  405.218435000
  405.306464000
  417.012429000
  417.101097000
  421.221263000
  445.746497000
  445.870636000
  450.231451000
  450.370217000
  457.593533000
  458.006678000
  470.515069000
  491.298350000
  491.365157000
  539.896784000
  540.306583000
  556.206312000
  556.281258000
  558.018625000
  565.699036000
  586.999439000
  587.195427000
  591.851407000
  616.175167000
  616.197072000
  685.224845000
  685.283906000
  710.997974000
  711.230394000
  745.796806000
  923.135678000
  945.157048000
  945.403207000
 1020.065332000
 1020.438021000
 1022.323717000
 1061.842228000
 1062.300088000
 1072.708779000
 1081.765577000
 1087.967380000
 1088.484701000
 1096.188245000
 1096.794970000
 1113.351254000
 1113.767175000
 1127.975798000
 1133.455708000
 1141.488743000
 1152.065422000
 1152.125721000
 1153.974711000
 1154.052202000
 1164.905611000
 1165.535437000
 1179.569445000
 1179.952061000
 1184.925709000
 1185.225487000
 1191.161033000
 1196.920513000
 1197.183172000
 1281.204468000
 1343.724941000
 1362.460229000
 1362.576184000
 1376.818487000
 1377.275183000
 1399.200349000
 1413.200184000
 1413.227371000
 1424.649941000
 1424.725158000
 1463.200145000
 1463.267769000
 1491.149017000
 1491.330532000
 1568.455511000
 1619.539362000
 1698.741176000
 1698.833606000
 1700.252169000
 1700.510455000
 1723.376051000
 1737.826370000
 1738.042990000
 1751.925233000
 1752.209724000
 1777.479557000
 1777.626488000
 1781.460205000
 1781.703554000
 1861.486106000
 1944.184507000
 2205.786742000
 2221.193338000
 2259.432929000
 2259.458835000
 2266.672052000
 2266.756809000
 2268.170509000
 2268.323627000
 2270.139057000
 2270.146457000
 2315.148189000
 2315.396744000
 2318.210216000
 2320.360767000
 2325.125851000
 2327.140103000
 2328.598068000
 2329.053857000
 2847.623411000
 2847.827712000
 2867.904569000
 2868.084420000
 2876.305765000
 2876.446437000
 2924.048316000
 2924.393772000
 2956.648841000
 2956.904718000
 2962.269311000
 2967.442594000
 2968.044942000
 3148.545909000


 P=      70.0000 V=    1119.1106 E=    -549.549900670
    0.000000000    0.000000000    0.000000000
   -0.184864000
   -0.145149000
   -0.122295000
  223.246008000
  223.315589000
  225.949625000
  226.011930000
  226.638852000
  228.984203000
  417.050728000
  417.095810000
  417.101413000
  417.264661000
  422.259264000
  427.014780000
  427.039494000
  430.499176000
  447.976316000
  455.204641000
  455.243700000
  456.653309000
  474.942271000
  474.946166000
  496.717761000
  496.805462000
  504.917303000
  505.314159000
  507.155381000
  507.207707000
  521.156065000
  562.928412000
  562.960815000
  612.411698000
  612.583266000
  617.162084000
  651.510076000
  651.523428000
  652.180679000
  652.324332000
  659.443435000
  661.254437000
  711.029300000
  711.041610000
  785.220835000
  785.245762000
  815.535604000
  815.645400000
  843.599928000
 1009.775534000
 1021.925351000
 1022.021190000
 1110.618966000
 1110.638964000
 1111.098660000
 1161.757007000
 1161.760775000
 1167.671425000
 1175.865350000
 1178.990397000
 1179.084837000
 1185.667738000
 1185.761120000
 1200.266576000
 1200.281240000
 1208.300702000
 1211.585505000
 1241.081585000
 1253.572723000
 1253.596667000
 1257.274734000
 1257.300601000
 1267.649011000
 1267.653800000
 1272.661958000
 1272.670217000
 1279.341805000
 1279.382446000
 1281.056603000
 1281.123039000
 1298.056843000
 1386.451119000
 1400.971809000
 1475.260154000
 1475.377445000
 1487.076933000
 1487.163945000
 1511.589143000
 1520.151423000
 1520.287001000
 1531.749785000
 1531.776342000
 1566.882392000
 1566.901403000
 1598.363528000
 1598.408422000
 1627.869911000
 1678.794709000
 1688.764905000
 1688.789825000
 1711.195745000
 1711.226139000
 1735.561968000
 1753.174954000
 1753.195487000
 1760.282456000
 1760.395534000
 1768.635189000
 1786.337378000
 1786.399649000
 1788.859712000
 1792.301508000
 1792.325808000
 1829.033132000
 1829.084302000
 1855.388388000
 1855.440671000
 1859.917823000
 1859.960987000
 1870.684935000
 1870.774121000
 1893.879961000
 1893.952107000
 1896.462324000
 1904.381102000
 1919.518009000
 1919.911640000
 1921.347300000
 1921.405829000
 1944.076220000
 2006.109819000
 2678.008724000
 2678.073012000
 2692.689909000
 2692.701865000
 2699.293944000
 2699.301941000
 2794.819386000
 2794.838465000
 2816.825470000
 2816.858822000
 2820.159016000
 2824.019159000
 2824.048314000
 3068.264894000
 weight
 0.0 0.0 0.0 1.0
