

 #v,#q,#freq,#unit
 6, 1, 144,16
 P=      -1.0000 V=    2304.5791 E=    -550.871359640
    0.000000000    0.000000000    0.000000000
   -0.405448000
   -0.400370000
   -0.234106000
   45.534374000
   50.219851000
   89.301363000
   89.953017000
   90.002669000
  107.232308000
  112.149105000
  112.630549000
  112.680636000
  114.457674000
  121.520241000
  135.108051000
  137.028862000
  137.038556000
  141.731778000
  141.786459000
  142.479544000
  143.782903000
  151.770874000
  151.940170000
  156.334631000
  156.728371000
  156.828898000
  157.876875000
  164.625540000
  169.629833000
  171.605456000
  171.614309000
  171.624025000
  172.835927000
  174.508353000
  175.758382000
  175.991170000
  179.981044000
  187.843633000
  190.759155000
  192.564312000
  193.060951000
  201.255899000
  201.571614000
  214.650156000
  215.185856000
  219.635941000
  219.650733000
  248.614627000
  503.047160000
  509.343154000
  509.432937000
  530.787547000
  530.925626000
  532.580201000
  539.706024000
  553.976664000
  563.268116000
  570.745372000
  571.001400000
  583.344642000
  585.197116000
  586.644129000
  590.171899000
  593.562782000
  600.431498000
  602.121446000
  614.279573000
  614.727359000
  619.417233000
  620.003911000
  636.618149000
  637.249062000
  650.372339000
  651.622317000
  651.678083000
  710.780758000
  721.314497000
  745.296660000
  752.686535000
  755.253974000
  756.927377000
  772.228924000
  775.968619000
  776.633283000
  790.395931000
  804.465292000
  821.758816000
  822.033628000
  825.768651000
  833.049258000
  833.784850000
  842.343063000
  864.056796000
  900.954609000
  901.551743000
  942.906763000
 1605.454273000
 1607.485477000
 1610.284350000
 1615.394015000
 1615.540883000
 1625.591076000
 1626.638094000
 1643.106367000
 1643.139541000
 1650.913628000
 1651.050894000
 1663.637028000
 1663.741353000
 1663.805872000
 1688.017213000
 1695.238822000
 3360.098460000
 3361.683816000
 3392.968681000
 3395.547000000
 3398.781699000
 3400.477505000
 3400.742743000
 3401.869670000
 3404.229741000
 3405.335867000
 3419.166713000
 3419.774299000
 3422.895034000
 3423.354921000
 3462.127039000
 3463.251078000
 3463.965019000
 3467.470628000
 3468.395070000
 3486.136454000
 3486.334110000
 3486.778641000
 3488.463889000
 3488.481911000
 3504.497109000
 3505.026546000
 3507.150913000
 3507.353407000
 3507.773976000
 3514.644006000
 3515.731266000
 3520.885286000


 P=       0.0000 V=    2179.1034 E=    -550.870668200
    0.000000000    0.000000000    0.000000000
   -0.445375000
   -0.385400000
   -0.341453000
   75.942089000
   84.052900000
   96.292601000
  111.617872000
  114.224272000
  114.225359000
  116.606202000
  116.807963000
  116.997636000
  119.528456000
  142.044454000
  148.408459000
  148.416234000
  151.025200000
  157.322540000
  158.554584000
  158.824140000
  163.772357000
  169.631445000
  170.318833000
  173.573739000
  176.836467000
  178.637562000
  178.863265000
  180.299250000
  184.041138000
  186.295671000
  188.662294000
  188.920038000
  190.449828000
  191.322919000
  193.385438000
  193.545763000
  205.494445000
  210.794434000
  212.625418000
  214.061981000
  215.089709000
  230.292133000
  230.395575000
  243.569036000
  243.676320000
  243.727504000
  245.532545000
  278.094170000
  528.768910000
  530.588221000
  530.765460000
  556.569570000
  556.887280000
  559.250504000
  565.313538000
  576.481110000
  588.840981000
  594.893753000
  594.949346000
  604.952989000
  605.111970000
  605.728948000
  613.221252000
  618.220882000
  621.382421000
  627.083349000
  640.474048000
  641.736967000
  643.896407000
  644.685970000
  661.368610000
  662.175507000
  677.520936000
  679.435194000
  679.498141000
  741.461512000
  746.541587000
  774.705096000
  778.326454000
  780.022648000
  780.147180000
  798.507962000
  808.086009000
  808.351769000
  819.205207000
  835.826417000
  853.721253000
  854.964074000
  859.079809000
  870.304866000
  870.547263000
  874.826597000
  897.648197000
  934.566314000
  934.934358000
  980.858522000
 1607.413858000
 1610.143282000
 1614.193417000
 1616.399993000
 1616.529210000
 1625.960968000
 1630.565382000
 1647.254613000
 1647.335907000
 1653.769225000
 1653.951907000
 1666.274142000
 1668.475130000
 1668.818792000
 1697.302275000
 1700.071860000
 3330.459028000
 3332.331174000
 3364.212127000
 3366.995288000
 3369.119390000
 3371.398251000
 3375.971576000
 3376.794931000
 3379.975368000
 3380.785344000
 3390.836447000
 3391.134527000
 3395.286821000
 3395.882192000
 3432.992462000
 3433.229050000
 3434.919437000
 3436.024897000
 3448.633753000
 3465.656756000
 3466.734044000
 3467.527728000
 3468.552174000
 3477.515143000
 3479.300878000
 3480.028686000
 3482.912080000
 3483.791287000
 3485.802409000
 3491.328794000
 3496.193997000
 3499.515929000


 P=      10.0000 V=    1664.7596 E=    -550.726937140
    0.000000000    0.000000000    0.000000000
   -0.403509000
   -0.363803000
   -0.330005000
  142.429802000
  154.285474000
  154.607069000
  158.285607000
  158.389478000
  158.748284000
  214.607746000
  221.958202000
  244.958976000
  245.519288000
  248.622229000
  252.212601000
  257.703992000
  257.806904000
  266.054442000
  266.781491000
  268.656127000
  269.199300000
  270.075523000
  270.899109000
  271.313668000
  271.563151000
  275.162781000
  279.123722000
  279.150623000
  284.811315000
  285.916997000
  287.334141000
  291.387855000
  300.161002000
  311.697366000
  313.895260000
  314.778503000
  348.129686000
  349.342475000
  352.589028000
  353.163578000
  358.822767000
  386.318828000
  386.590306000
  393.380365000
  394.181710000
  407.403787000
  415.616636000
  451.428971000
  692.231000000
  692.376544000
  695.300302000
  732.215523000
  732.776016000
  743.203307000
  749.424969000
  757.615386000
  771.391570000
  785.373792000
  785.843800000
  787.796764000
  790.495029000
  793.912549000
  802.336912000
  805.180462000
  811.483592000
  823.585793000
  828.058375000
  831.449708000
  839.625218000
  840.331894000
  847.711170000
  849.925885000
  863.926993000
  875.674744000
  876.238543000
  936.166363000
  963.819963000
  973.467612000
  976.261853000
  978.008038000
  979.376387000
 1019.205597000
 1021.447312000
 1022.231263000
 1025.038452000
 1037.287092000
 1075.303105000
 1077.545260000
 1080.868581000
 1090.526793000
 1094.513348000
 1094.757643000
 1108.562369000
 1162.747838000
 1163.742190000
 1225.943884000
 1627.915151000
 1630.200923000
 1634.661677000
 1639.534746000
 1640.233228000
 1651.078802000
 1662.301345000
 1676.713557000
 1676.732572000
 1692.772237000
 1693.213331000
 1703.216915000
 1706.178954000
 1707.103054000
 1762.432567000
 1767.501019000
 3017.377989000
 3020.199224000
 3062.857982000
 3065.758379000
 3072.663279000
 3073.406779000
 3074.320001000
 3076.010501000
 3080.680529000
 3082.520155000
 3104.511241000
 3105.398830000
 3115.073372000
 3116.268309000
 3124.992064000
 3125.997761000
 3135.181117000
 3136.527969000
 3255.371843000
 3261.181796000
 3268.701980000
 3274.534692000
 3276.186496000
 3284.337993000
 3284.624187000
 3286.127573000
 3299.201954000
 3301.726030000
 3306.074586000
 3309.451292000
 3312.033744000
 3362.278019000


 P=      30.0000 V=    1361.4953 E=    -550.337323290
    0.000000000    0.000000000    0.000000000
   -0.187535000
   -0.176683000
   -0.175447000
  183.076875000
  188.867111000
  190.693267000
  192.726252000
  193.006616000
  193.007324000
  328.657133000
  337.763409000
  337.791655000
  341.449568000
  344.539408000
  344.570389000
  345.529041000
  345.532692000
  349.049224000
  350.974989000
  350.996360000
  357.167760000
  358.983351000
  359.096793000
  373.573185000
  373.960788000
  373.965269000
  382.403346000
  382.547257000
  387.802251000
  392.590466000
  394.467919000
  394.624548000
  441.631478000
  441.731319000
  444.598855000
  461.148783000
  485.472150000
  485.562350000
  490.852529000
  498.578796000
  498.956366000
  534.892117000
  534.902164000
  552.473459000
  552.498848000
  575.275719000
  587.743937000
  625.011337000
  841.178266000
  841.245032000
  846.530226000
  900.568993000
  901.013265000
  914.353677000
  921.816490000
  944.706936000
  946.330069000
  957.089088000
  957.912724000
  961.230540000
  969.388934000
  969.537205000
  975.599600000
  975.794886000
  992.673813000
  996.199176000
 1000.892769000
 1012.912343000
 1013.174029000
 1026.333766000
 1035.709760000
 1036.779050000
 1037.387489000
 1057.888123000
 1058.361989000
 1107.903693000
 1138.162236000
 1156.683242000
 1158.091842000
 1162.930232000
 1173.987547000
 1199.417727000
 1221.164243000
 1221.349983000
 1221.527957000
 1229.142894000
 1279.217532000
 1279.240385000
 1288.316178000
 1288.549001000
 1302.262072000
 1304.475984000
 1305.100035000
 1372.094433000
 1372.928649000
 1438.607051000
 1653.348457000
 1658.843570000
 1660.105581000
 1667.974431000
 1668.011598000
 1679.663274000
 1708.168196000
 1708.185338000
 1708.283478000
 1732.695595000
 1732.705303000
 1739.490432000
 1743.286157000
 1743.432985000
 1834.286062000
 1851.895383000
 2578.867623000
 2585.448919000
 2649.940033000
 2650.941560000
 2651.186811000
 2651.305794000
 2654.826127000
 2655.825229000
 2657.705495000
 2658.928586000
 2698.986124000
 2699.606021000
 2701.350670000
 2701.757622000
 2702.047000000
 2706.833701000
 2717.151670000
 2721.968784000
 3027.101027000
 3029.280702000
 3048.241976000
 3052.255690000
 3053.940123000
 3061.049548000
 3080.966456000
 3083.097756000
 3103.855138000
 3105.126675000
 3105.496055000
 3114.146961000
 3118.428308000
 3238.116890000


 P=      50.0000 V=    1213.7278 E=    -549.937362800
    0.000000000    0.000000000    0.000000000
   -0.160211000
   -0.159428000
   -0.151936000
  209.290181000
  211.407536000
  213.541051000
  214.102405000
  214.752724000
  214.761312000
  385.071159000
  386.845136000
  390.774949000
  390.858480000
  393.729207000
  394.380897000
  401.472611000
  404.053771000
  406.922131000
  406.976378000
  415.734211000
  423.465774000
  429.542009000
  429.554622000
  440.919874000
  446.745704000
  446.827699000
  454.328449000
  454.469290000
  454.509080000
  459.143069000
  466.373900000
  466.441068000
  536.629077000
  536.771191000
  553.287868000
  572.789770000
  579.649517000
  584.381603000
  584.548483000
  589.570032000
  606.656159000
  639.381206000
  639.487882000
  662.945754000
  663.115120000
  696.375429000
  711.150021000
  746.002936000
  944.041978000
  944.106180000
  949.041811000
 1018.892610000
 1019.024560000
 1029.852208000
 1050.459298000
 1068.110555000
 1074.287173000
 1075.696796000
 1075.826946000
 1078.807981000
 1093.806812000
 1094.638633000
 1094.843436000
 1096.530968000
 1108.713017000
 1112.207526000
 1128.450307000
 1132.149687000
 1132.277824000
 1151.544827000
 1158.637847000
 1168.024743000
 1168.241564000
 1182.000932000
 1182.559689000
 1226.043100000
 1241.747343000
 1273.083902000
 1273.876822000
 1281.331427000
 1305.915259000
 1321.486551000
 1356.527093000
 1359.741747000
 1359.937242000
 1365.275385000
 1416.939756000
 1417.518653000
 1423.724808000
 1424.835813000
 1431.232911000
 1444.044936000
 1444.422210000
 1509.959721000
 1510.321915000
 1567.853349000
 1670.259366000
 1675.013690000
 1688.635514000
 1690.001620000
 1690.307598000
 1698.959312000
 1726.029416000
 1726.083514000
 1750.729477000
 1758.362150000
 1758.657487000
 1760.392812000
 1767.546525000
 1767.828853000
 1895.766948000
 1921.488308000
 2141.794984000
 2157.677017000
 2233.730872000
 2235.610139000
 2242.798323000
 2244.847054000
 2248.355345000
 2253.311768000
 2254.222590000
 2263.337916000
 2297.632539000
 2307.865326000
 2309.148029000
 2310.634425000
 2314.026152000
 2315.353579000
 2325.898441000
 2337.850676000
 2830.826421000
 2832.328954000
 2852.307727000
 2868.530225000
 2869.830599000
 2870.457611000
 2920.928342000
 2921.989817000
 2942.942124000
 2952.159876000
 2953.183761000
 2959.212333000
 2959.935436000
 3143.531320000


 P=      70.0000 V=    1118.3530 E=    -549.547446470
    0.000000000    0.000000000    0.000000000
   -0.208106000
   -0.187683000
   -0.156317000
  226.782478000
  226.798780000
  229.071837000
  229.406222000
  229.771712000
  229.778755000
  409.551180000
  411.736093000
  417.302163000
  417.307259000
  424.244760000
  426.956959000
  435.477215000
  435.516148000
  442.406320000
  450.087005000
  466.112089000
  477.627809000
  477.717511000
  478.944304000
  497.799984000
  500.733211000
  504.592411000
  504.663041000
  506.045665000
  507.101636000
  507.296609000
  524.114993000
  524.143003000
  620.486859000
  620.508071000
  642.016878000
  649.093946000
  654.733144000
  664.782967000
  665.523006000
  665.574628000
  701.721441000
  724.425885000
  724.459676000
  751.792961000
  751.852539000
  798.085718000
  815.545768000
  842.850741000
 1022.788241000
 1022.828481000
 1025.584386000
 1111.221967000
 1111.273694000
 1117.048611000
 1155.447107000
 1166.318511000
 1170.210964000
 1170.267889000
 1172.045028000
 1172.359833000
 1186.692441000
 1186.809134000
 1186.933245000
 1187.673452000
 1196.819173000
 1198.136664000
 1228.967091000
 1229.094887000
 1231.877058000
 1242.536095000
 1261.289255000
 1269.464453000
 1269.800259000
 1279.560806000
 1280.103202000
 1312.992532000
 1313.931124000
 1351.610507000
 1352.032160000
 1359.320320000
 1374.701236000
 1437.389400000
 1464.481212000
 1470.053665000
 1470.061820000
 1471.469864000
 1523.457888000
 1523.735311000
 1529.443716000
 1530.858110000
 1534.236731000
 1547.179326000
 1547.437029000
 1612.061949000
 1612.267239000
 1653.480479000
 1671.877803000
 1690.031646000
 1708.988349000
 1709.226872000
 1711.843507000
 1718.708780000
 1728.778633000
 1728.935899000
 1729.129570000
 1750.036314000
 1765.631249000
 1770.508627000
 1770.710109000
 1771.262717000
 1782.522394000
 1782.589354000
 1822.640376000
 1828.718717000
 1829.495112000
 1831.768337000
 1837.827316000
 1850.224643000
 1852.059204000
 1853.448764000
 1875.933082000
 1878.885093000
 1879.515816000
 1888.617770000
 1895.503605000
 1895.632961000
 1903.740920000
 1914.561644000
 1966.458251000
 1986.506684000
 2666.595005000
 2666.907564000
 2682.480084000
 2687.400292000
 2687.719913000
 2690.617419000
 2792.442766000
 2792.677028000
 2806.869246000
 2808.410651000
 2808.661185000
 2812.576988000
 2815.582107000
 3061.503140000
 weight
 0.0 0.0 0.0 1.0
