

 #v,#q,#freq,#unit
 6, 1, 144,16
 P=      -1.0000 V=    2277.8570 E=    -550.871892340
    0.000000000    0.000000000    0.000000000
   -0.642365000
   -0.534364000
   -0.330397000
   52.394314000
   89.234621000
   93.996627000
   98.311787000
  109.470739000
  112.496846000
  114.121722000
  115.045630000
  118.147386000
  119.622599000
  130.203383000
  132.020555000
  137.097256000
  137.605230000
  143.849535000
  145.880582000
  146.964826000
  155.405804000
  155.903391000
  159.350999000
  160.315565000
  160.481838000
  160.625588000
  161.392560000
  171.698856000
  171.849890000
  172.138807000
  172.302698000
  173.001263000
  173.777101000
  174.190412000
  174.750066000
  182.836833000
  185.394865000
  187.793969000
  191.194816000
  194.071289000
  205.907817000
  212.679226000
  214.402388000
  216.984878000
  217.140926000
  220.492003000
  223.720136000
  246.202874000
  529.544076000
  533.633415000
  539.884584000
  541.791113000
  547.857377000
  548.876984000
  562.729146000
  564.740204000
  567.367187000
  576.821534000
  582.396393000
  583.570574000
  592.149221000
  597.320814000
  605.666358000
  610.983728000
  614.361072000
  620.115815000
  621.590003000
  624.970328000
  632.879401000
  635.557613000
  638.771298000
  639.739026000
  650.361795000
  693.925480000
  696.035199000
  709.735066000
  714.135248000
  727.640900000
  741.517106000
  756.848145000
  769.177158000
  772.442705000
  782.013230000
  793.633122000
  799.567529000
  813.989197000
  820.266247000
  828.504853000
  835.369780000
  844.866579000
  851.182394000
  855.074715000
  865.262253000
  895.252011000
  911.781196000
  958.850816000
 1582.932941000
 1599.288733000
 1603.630953000
 1620.433223000
 1624.823553000
 1627.218272000
 1632.340130000
 1640.697894000
 1646.963125000
 1651.262255000
 1659.100705000
 1660.052147000
 1662.237931000
 1676.755644000
 1680.081904000
 1700.168159000
 3347.541021000
 3349.487326000
 3377.432705000
 3377.443433000
 3386.451617000
 3386.922070000
 3393.427260000
 3395.080678000
 3395.397036000
 3396.974690000
 3399.974608000
 3400.446554000
 3401.984921000
 3403.920481000
 3446.193013000
 3449.547563000
 3450.770352000
 3452.499208000
 3458.825693000
 3477.380860000
 3477.717263000
 3479.586547000
 3482.568319000
 3483.153568000
 3483.235931000
 3485.115816000
 3487.696968000
 3488.819646000
 3494.651664000
 3496.470867000
 3503.735046000
 3504.532678000


 P=       0.0000 V=    2180.7768 E=    -550.871998570
    0.000000000    0.000000000    0.000000000
   -0.513616000
   -0.460138000
   -0.254631000
   76.919164000
  107.692935000
  111.030755000
  116.727432000
  116.931336000
  117.918569000
  120.694438000
  121.726211000
  122.317773000
  129.743830000
  135.339252000
  145.041927000
  150.213397000
  151.021486000
  157.408504000
  160.179259000
  162.971127000
  168.714473000
  170.378689000
  173.207171000
  173.270384000
  174.489695000
  174.961974000
  175.070140000
  182.288538000
  182.904081000
  183.127509000
  184.646358000
  186.296101000
  186.572532000
  187.056405000
  188.912676000
  198.446595000
  204.452236000
  205.843192000
  207.044890000
  210.768268000
  227.293082000
  233.276093000
  234.653013000
  236.112332000
  237.646880000
  239.198813000
  245.606103000
  267.508072000
  534.938214000
  539.689822000
  545.117678000
  550.374577000
  555.721439000
  557.070103000
  572.515662000
  573.739402000
  576.488562000
  587.144465000
  592.497983000
  594.771943000
  603.410088000
  606.872506000
  618.632724000
  622.284267000
  627.047578000
  630.653215000
  632.146783000
  636.128771000
  642.953481000
  646.948404000
  650.158441000
  650.443108000
  661.717365000
  706.921916000
  710.911946000
  723.480818000
  729.405795000
  744.130191000
  757.869971000
  774.452680000
  786.159043000
  789.724238000
  799.923860000
  811.628999000
  818.900726000
  833.862697000
  839.586673000
  848.810838000
  854.300641000
  864.307837000
  871.442452000
  875.454247000
  886.412137000
  918.405052000
  934.531809000
  983.062761000
 1581.154175000
 1598.987954000
 1603.591646000
 1621.616358000
 1625.974188000
 1628.215930000
 1633.736387000
 1642.597334000
 1649.161121000
 1653.520346000
 1661.894502000
 1662.937482000
 1665.289820000
 1680.721389000
 1685.388270000
 1706.827154000
 3333.332516000
 3335.432934000
 3364.306461000
 3364.329838000
 3375.440513000
 3375.806567000
 3382.234841000
 3384.627603000
 3384.817298000
 3385.800722000
 3389.444466000
 3389.568191000
 3391.814266000
 3392.812590000
 3433.984466000
 3435.106519000
 3436.521066000
 3438.167134000
 3455.233626000
 3469.882589000
 3472.433128000
 3475.105344000
 3475.775877000
 3476.420645000
 3478.193579000
 3479.105291000
 3481.148173000
 3481.832236000
 3487.815137000
 3489.453945000
 3498.899611000
 3499.608659000


 P=      10.0000 V=    1664.6547 E=    -550.727376570
    0.000000000    0.000000000    0.000000000
   -0.218094000
   -0.216128000
   -0.201414000
  156.197000000
  159.203957000
  160.217664000
  162.566476000
  164.409725000
  177.013928000
  213.380791000
  232.086784000
  245.163783000
  245.507755000
  247.042194000
  251.321588000
  255.647581000
  258.351043000
  261.257962000
  263.175928000
  264.008838000
  266.265290000
  266.639721000
  266.836105000
  268.144331000
  269.019156000
  269.903173000
  274.444156000
  277.771364000
  281.276189000
  283.985988000
  293.448260000
  299.319227000
  302.086812000
  304.656572000
  320.963455000
  323.676790000
  338.426941000
  345.382526000
  347.145757000
  355.001796000
  386.164388000
  386.613981000
  391.347810000
  391.531549000
  393.478689000
  399.102065000
  416.815377000
  433.750761000
  696.293890000
  702.431514000
  705.109452000
  731.975403000
  732.845101000
  733.144789000
  756.808440000
  759.721037000
  761.953879000
  776.495670000
  781.075194000
  790.878432000
  793.737953000
  794.536156000
  806.935501000
  813.136769000
  814.349530000
  815.926755000
  823.872763000
  825.233745000
  826.781923000
  829.763448000
  832.606155000
  834.389081000
  845.247760000
  893.032878000
  913.112577000
  922.069176000
  934.424343000
  949.716917000
  969.441066000
  990.318299000
  992.392273000
 1001.110311000
 1014.714877000
 1033.102785000
 1033.613841000
 1056.871369000
 1057.535202000
 1072.573677000
 1074.436338000
 1078.537300000
 1087.773886000
 1097.540417000
 1112.850799000
 1153.033317000
 1163.354507000
 1222.357877000
 1584.088192000
 1614.952566000
 1620.655745000
 1646.340195000
 1652.679228000
 1658.828002000
 1661.287993000
 1672.504237000
 1682.211983000
 1686.498675000
 1696.184886000
 1699.431577000
 1707.362871000
 1722.466067000
 1744.020331000
 1775.378823000
 3023.459605000
 3027.432428000
 3059.994600000
 3060.258595000
 3082.181495000
 3082.256220000
 3091.684849000
 3092.783797000
 3093.254725000
 3093.826972000
 3094.985512000
 3096.301557000
 3097.526769000
 3099.212706000
 3126.375183000
 3127.722363000
 3128.254407000
 3129.933799000
 3264.131399000
 3266.783914000
 3267.483764000
 3270.383921000
 3284.025703000
 3285.972156000
 3288.688186000
 3289.308607000
 3289.941541000
 3291.075035000
 3293.051619000
 3313.609770000
 3313.719657000
 3356.270722000


 P=      30.0000 V=    1362.0088 E=    -550.338560700
    0.000000000    0.000000000    0.000000000
   -0.147799000
   -0.109228000
   -0.108374000
  189.692166000
  193.080103000
  195.844001000
  195.975117000
  198.417451000
  210.945681000
  320.493213000
  328.971371000
  334.273569000
  336.622086000
  336.905803000
  337.854352000
  341.764394000
  346.175362000
  349.793985000
  351.567302000
  351.873807000
  361.550795000
  364.998703000
  367.772764000
  369.874897000
  370.644045000
  372.948527000
  384.220507000
  385.161973000
  385.841082000
  389.579458000
  406.234172000
  411.288868000
  414.038669000
  428.814254000
  448.282888000
  472.207134000
  475.036831000
  482.445275000
  491.075150000
  495.426092000
  533.885890000
  535.465170000
  545.800739000
  549.791504000
  551.907272000
  561.955563000
  587.854802000
  601.938148000
  841.333311000
  844.555988000
  848.491429000
  898.515199000
  900.089530000
  902.286565000
  927.595353000
  937.915590000
  938.927888000
  951.336511000
  960.449258000
  964.992509000
  966.142662000
  968.701188000
  975.581786000
  979.557779000
  986.981773000
  992.500020000
  997.416419000
  997.562708000
 1000.142266000
 1001.296931000
 1007.545875000
 1015.239506000
 1023.358157000
 1056.145749000
 1097.587289000
 1099.242501000
 1123.949351000
 1140.442062000
 1165.367362000
 1172.213141000
 1193.923735000
 1199.793147000
 1207.846886000
 1227.980982000
 1231.295432000
 1254.672167000
 1261.105511000
 1268.695730000
 1274.089786000
 1281.783103000
 1288.874330000
 1300.677780000
 1316.838965000
 1371.348955000
 1375.382450000
 1428.232835000
 1590.829318000
 1636.224963000
 1643.255077000
 1677.689514000
 1681.661983000
 1691.460176000
 1701.568380000
 1705.853200000
 1718.524866000
 1721.847830000
 1733.910522000
 1741.108258000
 1750.661959000
 1765.734646000
 1820.866062000
 1859.263414000
 2602.824519000
 2607.657692000
 2640.232509000
 2641.284396000
 2672.154721000
 2672.531729000
 2676.211158000
 2677.589241000
 2679.992479000
 2681.578951000
 2681.936091000
 2682.483094000
 2686.696664000
 2688.230590000
 2706.979240000
 2711.961279000
 2712.862636000
 2714.319604000
 3039.379964000
 3042.682341000
 3042.716289000
 3045.303354000
 3056.916917000
 3059.082981000
 3095.065353000
 3095.572857000
 3095.640891000
 3098.818276000
 3109.400382000
 3116.411389000
 3119.316070000
 3236.282576000


 P=      50.0000 V=    1214.9214 E=    -549.941597330
    0.000000000    0.000000000    0.000000000
   -0.148346000
   -0.140655000
   -0.130371000
  211.270932000
  214.216229000
  216.237196000
  218.073183000
  219.377129000
  230.524948000
  376.186955000
  376.343295000
  382.390911000
  383.811952000
  384.511289000
  388.073281000
  391.529575000
  403.001128000
  412.030026000
  416.162563000
  417.912967000
  419.569646000
  435.706482000
  437.685387000
  438.352129000
  442.825845000
  452.568264000
  455.961269000
  458.650766000
  460.037691000
  462.034857000
  483.536392000
  488.660505000
  490.779236000
  525.269790000
  544.060124000
  574.669994000
  579.808655000
  581.425027000
  586.146858000
  597.927714000
  637.629047000
  639.742672000
  655.997699000
  659.916425000
  663.135934000
  678.698903000
  709.772950000
  721.151176000
  940.072713000
  941.675400000
  944.866975000
 1012.727545000
 1015.545429000
 1016.568506000
 1049.429411000
 1060.285712000
 1062.690548000
 1070.415912000
 1080.645696000
 1080.672450000
 1082.932335000
 1087.693815000
 1090.188266000
 1092.620728000
 1104.091839000
 1109.653126000
 1110.955207000
 1117.883987000
 1121.963067000
 1125.545526000
 1129.799564000
 1146.375212000
 1152.403632000
 1163.154024000
 1215.881782000
 1220.539716000
 1250.471564000
 1265.509995000
 1274.037910000
 1316.901442000
 1330.150241000
 1333.509427000
 1339.126095000
 1346.794612000
 1363.232373000
 1389.130103000
 1396.415823000
 1397.284468000
 1411.294215000
 1419.558888000
 1424.726006000
 1434.789743000
 1452.962412000
 1516.407430000
 1516.944117000
 1551.768818000
 1598.108313000
 1654.707970000
 1664.143606000
 1701.256784000
 1701.756473000
 1711.531002000
 1729.397624000
 1737.796345000
 1743.911183000
 1744.065043000
 1757.514736000
 1770.080864000
 1779.967910000
 1793.617610000
 1889.478424000
 1926.224305000
 2205.543242000
 2211.744275000
 2247.068892000
 2250.615514000
 2277.861062000
 2280.970942000
 2282.585915000
 2285.658276000
 2287.839620000
 2290.182085000
 2295.314142000
 2296.667990000
 2296.876083000
 2303.708038000
 2313.655256000
 2324.561476000
 2326.150638000
 2326.749333000
 2856.366047000
 2857.501257000
 2859.430578000
 2862.610525000
 2871.316676000
 2873.336956000
 2941.470163000
 2945.379152000
 2945.464915000
 2951.682329000
 2957.345501000
 2960.297434000
 2967.811584000
 3146.999936000


 P=      70.0000 V=    1118.8854 E=    -549.549496650
    0.000000000    0.000000000    0.000000000
   -0.152252000
   -0.148179000
   -0.129575000
  227.215340000
  229.947121000
  230.932308000
  233.153019000
  233.398110000
  242.145514000
  402.096600000
  405.791085000
  409.583825000
  412.177493000
  413.550595000
  419.494983000
  424.559196000
  431.198029000
  450.986594000
  457.951526000
  466.726971000
  472.981503000
  488.367274000
  488.968889000
  493.691691000
  502.757074000
  505.013184000
  506.041267000
  514.082485000
  519.121563000
  525.577743000
  535.083081000
  550.182979000
  557.736360000
  609.460315000
  625.969536000
  647.293545000
  658.951917000
  663.943000000
  671.495250000
  690.546237000
  721.862574000
  725.336991000
  747.100399000
  748.892946000
  751.919797000
  776.107611000
  813.237864000
  819.987407000
 1020.350305000
 1021.003971000
 1023.296700000
 1106.144510000
 1108.993944000
 1109.159428000
 1151.610707000
 1161.828030000
 1162.017192000
 1166.810618000
 1172.365260000
 1176.463019000
 1177.641261000
 1182.370365000
 1182.405114000
 1183.421740000
 1192.767506000
 1198.479383000
 1213.012659000
 1214.322616000
 1220.866555000
 1228.843666000
 1230.879811000
 1246.944719000
 1253.026086000
 1257.784256000
 1303.286070000
 1313.794613000
 1343.840825000
 1352.180282000
 1354.306781000
 1412.756469000
 1421.128155000
 1438.323430000
 1447.733865000
 1454.121590000
 1471.370366000
 1500.062177000
 1503.499738000
 1504.740894000
 1521.656399000
 1524.959330000
 1530.049781000
 1540.803418000
 1559.876306000
 1606.053819000
 1620.567307000
 1624.016569000
 1633.482886000
 1666.320153000
 1683.737314000
 1700.408618000
 1716.129263000
 1719.903582000
 1740.424814000
 1752.111172000
 1753.723929000
 1755.867228000
 1765.833307000
 1765.979150000
 1776.499617000
 1785.267202000
 1793.607740000
 1800.405081000
 1825.841813000
 1831.370147000
 1847.005716000
 1852.580043000
 1856.827426000
 1857.755924000
 1860.254370000
 1874.357734000
 1883.027047000
 1891.107894000
 1892.781730000
 1898.057299000
 1898.721887000
 1912.331896000
 1917.378584000
 1921.979317000
 1960.455603000
 1989.375271000
 2678.081362000
 2681.549884000
 2683.035025000
 2690.457440000
 2692.681698000
 2694.439122000
 2800.613318000
 2807.118201000
 2807.182095000
 2807.195249000
 2815.985065000
 2816.947172000
 2829.820328000
 3064.793236000
 weight
 0.0 0.0 0.0 1.0
