

 #v,#q,#freq,#unit
 6, 1, 144,16
 P=      -1.0000 V=    2294.7720 E=    -550.870910270
    0.000000000    0.000000000    0.000000000
   -0.462974000
   -0.424423000
   -0.323176000
   47.813453000
   81.177094000
   88.020694000
   93.877540000
  106.533014000
  107.534019000
  108.631163000
  110.939713000
  111.846629000
  113.558509000
  131.258194000
  131.906224000
  133.014099000
  137.666890000
  139.025083000
  142.375338000
  143.333588000
  146.154103000
  152.840088000
  156.422237000
  156.910601000
  157.942520000
  159.033940000
  161.137087000
  162.259088000
  164.012646000
  170.326865000
  172.713436000
  174.163636000
  174.457267000
  174.707725000
  177.362519000
  179.610491000
  184.697961000
  187.118649000
  190.366938000
  196.153572000
  202.833895000
  202.914344000
  206.319192000
  208.248376000
  220.068016000
  222.490021000
  224.698143000
  245.137590000
  498.272117000
  524.886793000
  532.341525000
  533.636677000
  544.126042000
  546.339706000
  554.869227000
  558.625188000
  561.306080000
  573.835226000
  574.220707000
  574.389098000
  579.006623000
  582.513023000
  589.380949000
  605.627238000
  608.255321000
  616.550184000
  620.542573000
  624.961158000
  627.895270000
  628.405792000
  643.198126000
  643.853179000
  646.791928000
  659.165115000
  676.098469000
  681.578204000
  683.587110000
  708.859307000
  732.118924000
  737.523166000
  761.165011000
  771.651624000
  791.739720000
  794.752979000
  807.357033000
  809.451235000
  822.342385000
  832.990935000
  841.446544000
  850.514344000
  855.286281000
  864.952274000
  867.928655000
  873.848515000
  916.744921000
  962.104927000
 1580.856825000
 1593.646040000
 1610.204893000
 1613.302351000
 1614.073703000
 1628.940021000
 1640.583370000
 1645.492105000
 1649.034148000
 1650.938990000
 1656.142077000
 1656.756898000
 1657.043438000
 1661.330326000
 1667.361961000
 1712.659494000
 3354.507099000
 3358.673590000
 3388.064555000
 3388.109176000
 3389.104838000
 3390.321606000
 3390.397191000
 3390.985977000
 3391.116293000
 3397.265370000
 3435.857712000
 3437.316350000
 3439.663699000
 3443.899429000
 3457.681542000
 3458.165755000
 3458.673252000
 3459.057241000
 3459.906099000
 3459.964723000
 3460.106815000
 3463.481936000
 3463.735646000
 3482.263084000
 3504.297972000
 3505.102085000
 3505.211666000
 3505.556367000
 3509.993248000
 3512.256300000
 3512.425261000
 3512.600535000


 P=       0.0000 V=    2179.7187 E=    -550.871340280
    0.000000000    0.000000000    0.000000000
   -0.284665000
   -0.283266000
   -0.231650000
   77.131282000
  104.245992000
  111.324199000
  112.136669000
  114.081392000
  114.573107000
  115.510543000
  118.120108000
  118.462527000
  119.900741000
  147.855259000
  148.756999000
  152.441340000
  152.632494000
  155.758581000
  158.369471000
  162.134958000
  163.285432000
  168.735418000
  172.727455000
  172.878602000
  173.621369000
  174.764216000
  177.866901000
  180.470594000
  181.051034000
  184.828516000
  186.097856000
  186.851237000
  187.104784000
  188.275075000
  191.352103000
  198.502137000
  204.669665000
  206.236183000
  208.646355000
  216.447671000
  228.054119000
  228.189272000
  229.294338000
  230.954956000
  244.564508000
  245.961648000
  250.403731000
  269.466954000
  510.683023000
  541.526120000
  547.781539000
  549.141707000
  557.400348000
  566.883509000
  570.817320000
  576.175316000
  579.998646000
  592.452730000
  592.654479000
  593.032488000
  594.510769000
  603.327886000
  608.362039000
  622.569115000
  629.543638000
  635.523947000
  640.065352000
  642.556706000
  648.797948000
  649.244546000
  663.859028000
  664.840660000
  665.122583000
  678.616647000
  698.074666000
  702.790421000
  704.098175000
  733.149147000
  756.494114000
  762.175136000
  787.400163000
  797.636586000
  816.762822000
  821.260841000
  835.421049000
  836.263060000
  850.840905000
  862.095311000
  869.328285000
  878.852837000
  884.593295000
  892.151162000
  898.594401000
  903.120767000
  947.208105000
  995.929642000
 1578.766524000
 1592.914351000
 1610.660528000
 1614.383217000
 1614.730546000
 1631.013386000
 1642.805068000
 1647.728789000
 1651.721654000
 1653.993057000
 1659.300158000
 1660.056535000
 1660.591573000
 1665.048389000
 1671.505857000
 1721.689479000
 3329.550886000
 3333.966129000
 3365.192734000
 3365.262348000
 3366.804829000
 3367.742428000
 3367.816006000
 3368.759612000
 3368.790472000
 3373.675103000
 3423.309212000
 3425.528426000
 3428.418087000
 3431.267041000
 3433.261214000
 3433.469039000
 3433.839744000
 3434.222999000
 3434.733505000
 3434.941189000
 3436.295315000
 3436.713598000
 3450.791525000
 3476.412242000
 3489.189992000
 3489.642081000
 3489.849651000
 3490.781733000
 3493.803938000
 3496.706133000
 3497.913581000
 3498.047304000


 P=      10.0000 V=    1664.2008 E=    -550.726324980
    0.000000000    0.000000000    0.000000000
   -0.204137000
   -0.187712000
   -0.144381000
  152.373591000
  154.392566000
  158.059976000
  159.440878000
  161.182875000
  161.821868000
  213.726892000
  243.960203000
  244.301695000
  249.125443000
  250.533519000
  251.300959000
  252.425827000
  259.751085000
  260.149450000
  263.708469000
  264.696589000
  266.322783000
  268.572770000
  270.175198000
  271.216278000
  271.243610000
  273.906671000
  274.473674000
  283.625489000
  286.534173000
  289.807494000
  289.882479000
  291.137176000
  306.172997000
  307.569023000
  310.829755000
  318.728558000
  325.788778000
  332.247252000
  351.839884000
  356.143388000
  373.869164000
  391.808866000
  393.191668000
  393.467860000
  396.743496000
  416.707299000
  418.206548000
  434.356596000
  682.449697000
  701.693495000
  718.712501000
  730.488551000
  742.715387000
  750.006048000
  758.797219000
  763.014942000
  764.907558000
  769.920279000
  769.928318000
  772.502517000
  789.834444000
  798.617553000
  803.373887000
  809.409680000
  819.894192000
  831.291980000
  831.863399000
  832.644555000
  836.132820000
  845.956578000
  853.886564000
  856.775048000
  857.200407000
  865.399777000
  894.161035000
  895.224433000
  896.709835000
  956.279256000
  959.080673000
  965.101518000
  997.968564000
 1008.963747000
 1031.838519000
 1040.632601000
 1049.487971000
 1051.838824000
 1075.382156000
 1086.354223000
 1096.102973000
 1107.594372000
 1113.470581000
 1121.208001000
 1125.639562000
 1141.877187000
 1183.797453000
 1234.836758000
 1581.818648000
 1605.056223000
 1633.487078000
 1635.390469000
 1636.130368000
 1655.049457000
 1672.244203000
 1676.222638000
 1688.996067000
 1689.549115000
 1697.903254000
 1698.111873000
 1703.373787000
 1703.500862000
 1714.014956000
 1795.232313000
 3020.120873000
 3023.866904000
 3064.891343000
 3065.057559000
 3066.529244000
 3067.370321000
 3068.322241000
 3068.392634000
 3070.718077000
 3076.684083000
 3122.189559000
 3122.254231000
 3123.561855000
 3123.714861000
 3126.688283000
 3126.796492000
 3131.536522000
 3132.302907000
 3237.814076000
 3242.967379000
 3246.679699000
 3255.861371000
 3279.054978000
 3284.584122000
 3285.860338000
 3295.170707000
 3295.549118000
 3305.374062000
 3310.375308000
 3310.970928000
 3312.087654000
 3355.962640000


 P=      30.0000 V=    1360.7382 E=    -550.335724840
    0.000000000    0.000000000    0.000000000
   -0.141000000
   -0.129024000
   -0.086753000
  186.658690000
  189.414394000
  193.374825000
  193.448507000
  196.668637000
  197.791290000
  319.999686000
  335.321272000
  337.182621000
  337.832546000
  340.402697000
  340.789871000
  343.576444000
  347.876846000
  352.334122000
  352.962816000
  353.344110000
  361.954940000
  368.110757000
  368.843353000
  371.242413000
  371.615045000
  376.951093000
  378.984333000
  391.667770000
  391.698741000
  399.086992000
  404.084480000
  410.554649000
  429.441181000
  436.777268000
  438.919217000
  451.327514000
  459.866986000
  461.323740000
  478.174244000
  496.503915000
  523.223069000
  550.269015000
  553.720291000
  555.342150000
  557.492402000
  582.314317000
  587.802161000
  604.535167000
  836.254984000
  846.667470000
  860.567938000
  903.091028000
  915.024386000
  924.682496000
  925.474510000
  935.182819000
  939.533825000
  943.874954000
  949.881568000
  950.916005000
  968.572858000
  977.724284000
  981.291290000
  984.792612000
  988.807617000
  996.415086000
 1008.789229000
 1012.229798000
 1019.090202000
 1021.621834000
 1038.130407000
 1040.652090000
 1040.871401000
 1048.894969000
 1068.420614000
 1070.648995000
 1080.204513000
 1139.831415000
 1145.964209000
 1165.242470000
 1198.610077000
 1202.673441000
 1234.295375000
 1244.152014000
 1248.784441000
 1254.557552000
 1280.290891000
 1288.353551000
 1301.659633000
 1316.912634000
 1323.239041000
 1330.133585000
 1332.700101000
 1358.511475000
 1404.446036000
 1425.592187000
 1589.002058000
 1618.697348000
 1655.733968000
 1662.006886000
 1673.406715000
 1682.871273000
 1701.453936000
 1704.797988000
 1725.926668000
 1726.836579000
 1735.095417000
 1737.430858000
 1741.110368000
 1755.371462000
 1775.362006000
 1878.906170000
 2592.269586000
 2596.632233000
 2639.774521000
 2640.948245000
 2642.802370000
 2645.516217000
 2646.269365000
 2646.960790000
 2649.010807000
 2652.821444000
 2696.312700000
 2697.439138000
 2698.992190000
 2701.298525000
 2702.982514000
 2704.564412000
 2705.791479000
 2707.507060000
 3017.359384000
 3022.706916000
 3033.467543000
 3049.767291000
 3050.794166000
 3053.325094000
 3064.419038000
 3086.384562000
 3099.948657000
 3105.129958000
 3108.222536000
 3111.238928000
 3112.110918000
 3231.179869000


 P=      50.0000 V=    1214.5146 E=    -549.940439930
    0.000000000    0.000000000    0.000000000
   -0.174396000
   -0.141061000
   -0.131644000
  208.266215000
  211.265891000
  214.059172000
  214.694425000
  217.368962000
  219.232488000
  372.547193000
  381.199994000
  385.203137000
  385.217262000
  385.875262000
  386.953738000
  397.964151000
  403.583356000
  407.815237000
  417.375385000
  420.617818000
  427.214916000
  432.308665000
  435.924865000
  437.114611000
  453.005086000
  454.408022000
  455.440687000
  461.531208000
  466.122302000
  477.171026000
  483.037929000
  494.631534000
  511.527549000
  521.598708000
  523.787242000
  538.879625000
  559.887143000
  564.447703000
  568.583295000
  586.634922000
  631.834584000
  661.280580000
  666.927093000
  669.515306000
  672.334050000
  698.154353000
  708.953286000
  723.895964000
  935.511000000
  942.598701000
  952.637513000
 1016.181733000
 1024.350923000
 1029.840872000
 1047.980981000
 1054.328739000
 1055.473042000
 1059.991164000
 1069.839884000
 1073.728306000
 1085.563854000
 1092.658251000
 1094.058463000
 1099.311588000
 1100.308452000
 1103.076688000
 1126.811893000
 1131.989856000
 1138.613869000
 1148.532771000
 1150.466501000
 1162.034557000
 1165.033179000
 1182.585591000
 1182.593588000
 1184.417847000
 1203.431153000
 1254.389567000
 1259.408343000
 1304.184233000
 1320.046329000
 1336.838600000
 1370.100346000
 1379.668233000
 1379.813239000
 1390.416319000
 1413.946006000
 1418.989922000
 1422.421728000
 1450.299702000
 1458.644040000
 1463.310861000
 1464.331722000
 1498.844035000
 1521.376789000
 1550.581026000
 1605.532907000
 1630.036480000
 1673.403027000
 1685.478051000
 1703.314643000
 1704.008648000
 1718.637093000
 1722.981609000
 1748.692491000
 1751.461552000
 1757.519920000
 1765.150534000
 1765.580966000
 1787.849701000
 1851.047514000
 1941.542958000
 2200.011610000
 2207.211187000
 2250.004207000
 2251.812987000
 2251.974006000
 2258.779618000
 2259.532356000
 2261.451110000
 2266.044022000
 2267.805965000
 2308.328590000
 2312.466647000
 2313.373167000
 2313.934287000
 2321.567713000
 2323.506656000
 2323.888013000
 2326.037481000
 2843.041102000
 2847.534480000
 2860.405120000
 2866.632647000
 2867.358267000
 2870.864406000
 2923.356032000
 2935.727990000
 2950.146760000
 2957.140086000
 2958.514405000
 2961.138989000
 2963.084895000
 3145.327830000


 P=      70.0000 V=    1119.2909 E=    -549.551924300
    0.000000000    0.000000000    0.000000000
   -0.148318000
   -0.127797000
   -0.107623000
  224.606129000
  227.057456000
  228.820888000
  229.199909000
  231.391191000
  233.024268000
  400.206068000
  409.048897000
  412.558288000
  412.928794000
  414.658488000
  415.296637000
  428.668607000
  437.741362000
  438.754866000
  468.146302000
  475.060913000
  475.591630000
  481.703170000
  487.488446000
  493.710839000
  505.356738000
  510.601420000
  514.479690000
  516.023549000
  524.010054000
  542.084248000
  544.484441000
  566.028267000
  575.925309000
  591.578188000
  593.407881000
  609.867922000
  617.057794000
  649.076594000
  655.857361000
  661.790672000
  723.898665000
  755.720168000
  761.324768000
  764.706040000
  767.542687000
  794.756493000
  811.197293000
  823.594090000
 1015.027461000
 1018.562757000
 1025.092072000
 1105.804547000
 1111.182338000
 1114.785842000
 1148.275797000
 1152.347055000
 1152.728540000
 1155.524603000
 1165.974039000
 1170.248815000
 1177.868556000
 1180.167991000
 1182.938083000
 1186.874250000
 1187.168254000
 1187.522815000
 1218.887646000
 1227.050254000
 1233.032055000
 1237.024618000
 1255.661407000
 1257.625108000
 1262.363499000
 1269.980713000
 1275.676772000
 1283.893934000
 1297.947662000
 1337.713818000
 1343.229445000
 1395.720695000
 1408.642834000
 1449.543883000
 1479.629070000
 1482.274294000
 1483.586182000
 1488.616386000
 1499.306538000
 1520.513111000
 1527.188680000
 1550.829397000
 1560.196154000
 1560.427265000
 1564.503713000
 1580.778247000
 1602.307459000
 1629.403526000
 1637.643884000
 1658.058300000
 1685.932873000
 1705.652987000
 1713.764061000
 1723.028501000
 1726.801102000
 1731.877318000
 1760.342781000
 1760.667885000
 1765.859191000
 1768.424065000
 1769.599131000
 1777.434821000
 1783.141712000
 1822.688034000
 1830.211871000
 1835.693653000
 1847.402337000
 1854.470396000
 1857.422085000
 1858.524678000
 1863.390622000
 1875.185083000
 1901.851998000
 1912.669185000
 1914.394748000
 1919.155554000
 1924.673989000
 1925.559012000
 1926.243906000
 1928.007423000
 1933.996189000
 1998.764045000
 2680.827944000
 2683.222690000
 2694.863234000
 2697.219623000
 2697.827538000
 2700.758249000
 2798.445324000
 2805.822925000
 2815.586834000
 2818.080338000
 2822.621727000
 2825.471525000
 2832.826795000
 3069.771374000
 weight
 0.0 0.0 0.0 1.0
