

 #v,#q,#freq,#unit
 6, 1, 144,16
 P=      -1.0000 V=    2283.5887 E=    -550.869657340
    0.000000000    0.000000000    0.000000000
   -0.384617000
   -0.312645000
   -0.263438000
   73.190602000
   73.918438000
   82.666372000
  103.992601000
  106.225785000
  108.988019000
  110.529267000
  112.053693000
  112.733088000
  115.773747000
  120.264536000
  124.445422000
  136.706013000
  138.850293000
  139.709259000
  142.239699000
  143.110167000
  153.433149000
  155.981362000
  158.172593000
  159.104186000
  160.396249000
  162.800115000
  164.337368000
  166.267799000
  168.317595000
  171.803855000
  174.632528000
  175.043891000
  175.954084000
  176.829439000
  177.883590000
  180.749312000
  182.103883000
  185.798935000
  189.573345000
  199.925567000
  202.274438000
  205.991546000
  214.450564000
  217.118862000
  217.708529000
  226.322977000
  231.982912000
  243.913094000
  513.585245000
  521.059248000
  528.234812000
  547.221967000
  553.370919000
  558.163010000
  560.645189000
  561.621931000
  566.461574000
  572.326133000
  577.858090000
  582.798704000
  587.496601000
  592.351185000
  597.198187000
  605.690865000
  612.406215000
  616.313316000
  619.820215000
  626.829765000
  630.636728000
  637.069128000
  639.361103000
  644.609367000
  659.030968000
  680.667465000
  694.780471000
  706.842652000
  720.117052000
  725.047546000
  746.141176000
  754.459958000
  760.255831000
  768.730614000
  784.805331000
  795.552835000
  806.207983000
  813.343312000
  817.331826000
  828.125631000
  831.509985000
  836.842115000
  846.142182000
  869.014654000
  878.685860000
  881.027087000
  894.331543000
  919.748994000
 1598.598635000
 1604.009090000
 1606.129707000
 1618.979413000
 1626.520130000
 1628.810918000
 1631.250254000
 1638.829404000
 1646.942892000
 1657.069129000
 1658.293513000
 1662.765333000
 1663.575452000
 1666.111208000
 1679.626272000
 1697.577609000
 3350.140319000
 3352.242829000
 3378.404089000
 3382.459209000
 3383.564702000
 3385.323378000
 3386.545045000
 3386.884104000
 3399.664493000
 3400.201384000
 3402.976298000
 3403.802996000
 3433.129722000
 3433.567137000
 3451.271200000
 3452.779451000
 3453.034287000
 3453.439243000
 3454.605402000
 3455.408649000
 3458.077464000
 3477.963193000
 3483.381352000
 3485.536725000
 3487.771119000
 3488.559579000
 3499.056942000
 3501.461799000
 3502.228663000
 3503.371087000
 3504.048178000
 3507.827567000


 P=       0.0000 V=    2179.4333 E=    -550.869743890
    0.000000000    0.000000000    0.000000000
   -0.371158000
   -0.278723000
   -0.230249000
   95.208511000
   95.859561000
  103.421742000
  109.034026000
  113.524937000
  115.197052000
  115.686810000
  117.431816000
  122.730015000
  128.412583000
  136.671168000
  143.883938000
  150.974059000
  152.931175000
  154.080200000
  156.456014000
  157.478690000
  168.271572000
  170.922724000
  173.203788000
  174.013263000
  175.280617000
  178.220015000
  180.051493000
  181.105533000
  183.311068000
  185.869046000
  186.482113000
  187.390561000
  188.199718000
  189.062480000
  191.840936000
  194.643023000
  198.808666000
  202.321834000
  209.062949000
  221.476419000
  223.500619000
  226.722735000
  237.229338000
  239.481437000
  241.153523000
  246.767018000
  253.116255000
  266.582278000
  522.760030000
  530.359376000
  538.595155000
  559.427336000
  566.571716000
  571.638247000
  574.389553000
  575.591637000
  579.608386000
  585.636355000
  591.643520000
  598.571636000
  601.815471000
  606.893665000
  611.517897000
  621.044122000
  626.582694000
  630.551163000
  634.193544000
  642.233623000
  646.659927000
  653.593511000
  655.545466000
  660.021876000
  674.417555000
  697.476801000
  713.110972000
  725.295669000
  737.868300000
  744.461157000
  765.516488000
  774.627288000
  780.828271000
  790.395220000
  805.895328000
  818.351648000
  828.259092000
  835.847527000
  841.318136000
  851.840061000
  854.796917000
  861.218218000
  870.823748000
  894.182259000
  903.650048000
  907.130832000
  920.359520000
  946.455310000
 1598.666267000
 1603.877269000
 1606.594742000
 1619.685491000
 1627.993064000
 1630.423270000
 1632.934650000
 1641.514414000
 1649.941568000
 1660.236441000
 1661.237261000
 1666.016112000
 1666.946726000
 1670.292180000
 1684.832282000
 1704.761007000
 3330.730703000
 3333.096500000
 3361.492364000
 3365.227669000
 3365.990172000
 3367.275987000
 3368.231020000
 3371.128218000
 3384.597431000
 3386.102738000
 3386.627165000
 3389.064052000
 3425.098109000
 3425.698080000
 3431.905664000
 3432.753261000
 3433.410566000
 3434.394388000
 3435.003280000
 3435.901838000
 3450.148106000
 3471.803923000
 3473.244687000
 3474.054639000
 3476.617859000
 3479.268078000
 3488.130500000
 3491.114532000
 3491.773942000
 3492.318710000
 3493.729611000
 3498.052810000


 P=      10.0000 V=    1664.4278 E=    -550.725277220
    0.000000000    0.000000000    0.000000000
   -0.215758000
   -0.174234000
   -0.140110000
  152.484886000
  154.567400000
  156.213288000
  156.969172000
  158.565614000
  166.319118000
  225.935349000
  227.223590000
  237.125724000
  248.631008000
  251.429434000
  257.868065000
  258.495092000
  260.328569000
  261.159947000
  262.584297000
  265.955620000
  267.015293000
  267.573523000
  268.919794000
  269.458023000
  270.860970000
  272.549071000
  273.535274000
  276.346637000
  285.620431000
  289.085604000
  296.940409000
  300.144428000
  306.134402000
  307.676592000
  310.810190000
  313.497694000
  319.773388000
  326.506434000
  350.295366000
  376.612719000
  377.935148000
  378.740448000
  397.975671000
  399.929835000
  403.687733000
  407.767202000
  412.368931000
  433.680575000
  689.150451000
  695.621898000
  700.990243000
  735.079260000
  743.753619000
  753.585472000
  760.110787000
  769.078631000
  769.253292000
  776.893738000
  779.798143000
  784.690677000
  786.278744000
  794.503091000
  798.532679000
  806.180785000
  814.384433000
  817.483305000
  823.610914000
  828.704098000
  830.184931000
  839.940062000
  846.627971000
  851.484839000
  865.531040000
  892.025013000
  909.837517000
  922.411619000
  934.340233000
  944.953160000
  967.363003000
  979.278466000
  990.596396000
 1004.431876000
 1021.580008000
 1033.639938000
 1044.231347000
 1052.810839000
 1057.903368000
 1067.170278000
 1074.664753000
 1084.444609000
 1092.766759000
 1124.116357000
 1131.492566000
 1139.440331000
 1149.767865000
 1178.940145000
 1614.660496000
 1619.649730000
 1626.199863000
 1644.779358000
 1656.412596000
 1659.243194000
 1662.557110000
 1674.820390000
 1685.600940000
 1698.943761000
 1700.878513000
 1705.941623000
 1706.704936000
 1711.240652000
 1745.243351000
 1774.269975000
 3020.765124000
 3024.758796000
 3056.833796000
 3060.372127000
 3066.721718000
 3067.245797000
 3076.007469000
 3077.051247000
 3088.860926000
 3093.856232000
 3096.755134000
 3097.498242000
 3122.422257000
 3123.226334000
 3124.927257000
 3125.927827000
 3126.912428000
 3128.998347000
 3244.057626000
 3244.655628000
 3268.225523000
 3270.729779000
 3272.999659000
 3280.501625000
 3283.795295000
 3291.307904000
 3300.111384000
 3301.993996000
 3302.956099000
 3303.858947000
 3314.099290000
 3355.643289000


 P=      30.0000 V=    1361.7453 E=    -550.336680930
    0.000000000    0.000000000    0.000000000
   -0.102994000
   -0.084773000
   -0.068678000
  188.947417000
  189.371790000
  191.047672000
  192.498080000
  194.035184000
  201.813474000
  327.911832000
  329.883836000
  335.870672000
  338.157843000
  338.490085000
  342.156355000
  343.308002000
  344.365154000
  348.504485000
  352.197046000
  357.416726000
  359.322324000
  361.731719000
  363.979677000
  369.162227000
  372.565151000
  374.145344000
  378.931867000
  382.193163000
  394.215494000
  409.870158000
  412.683238000
  417.698204000
  429.513458000
  432.199121000
  436.696279000
  439.516611000
  445.657986000
  456.015277000
  492.970080000
  526.214171000
  529.926274000
  530.845860000
  551.572947000
  560.336135000
  568.167269000
  571.075358000
  579.304658000
  601.489985000
  837.911601000
  841.204238000
  846.404084000
  901.497820000
  907.195211000
  914.501723000
  938.479295000
  948.330095000
  949.496317000
  952.442918000
  956.943678000
  957.331610000
  960.892351000
  969.610498000
  973.376198000
  977.702543000
  981.619124000
  989.911006000
  997.889013000
  998.762494000
 1002.268599000
 1016.594356000
 1023.547903000
 1031.778877000
 1041.328881000
 1068.928939000
 1088.902617000
 1099.796332000
 1109.613131000
 1124.828447000
 1149.561186000
 1163.029424000
 1179.559941000
 1203.946621000
 1222.427748000
 1234.147070000
 1243.458817000
 1253.263367000
 1261.162480000
 1264.005648000
 1277.280697000
 1290.385051000
 1295.624555000
 1330.490558000
 1334.483241000
 1351.459248000
 1359.441205000
 1379.047041000
 1634.680852000
 1639.813390000
 1648.404123000
 1677.892087000
 1689.718980000
 1690.574947000
 1695.745513000
 1709.300037000
 1724.172580000
 1737.821460000
 1741.159732000
 1743.993064000
 1745.570746000
 1755.876699000
 1823.319175000
 1856.288632000
 2600.003120000
 2605.346638000
 2642.168878000
 2643.469046000
 2650.535778000
 2652.682168000
 2660.278211000
 2661.725386000
 2677.653938000
 2679.451197000
 2681.673339000
 2684.924116000
 2704.576558000
 2705.153889000
 2707.100020000
 2708.758979000
 2709.153834000
 2711.232125000
 3030.033536000
 3030.966123000
 3046.635753000
 3046.909050000
 3049.251392000
 3056.748408000
 3083.698568000
 3097.146915000
 3102.535702000
 3105.803778000
 3106.499798000
 3112.177319000
 3115.382321000
 3235.341162000


 P=      50.0000 V=    1215.3118 E=    -549.941728670
    0.000000000    0.000000000    0.000000000
   -0.138399000
   -0.117038000
   -0.115752000
  210.945169000
  212.540266000
  213.097847000
  214.914672000
  216.671472000
  224.613640000
  377.592677000
  381.956297000
  382.631964000
  384.663519000
  385.580321000
  389.422032000
  397.778221000
  399.394760000
  404.982336000
  416.592829000
  419.408933000
  426.937593000
  430.490698000
  433.279161000
  440.076994000
  445.642963000
  446.623008000
  448.263036000
  455.547779000
  466.826733000
  489.770009000
  491.295990000
  501.574828000
  511.408821000
  519.818866000
  523.892555000
  525.927797000
  544.887509000
  553.667754000
  595.177107000
  632.662393000
  634.458521000
  636.055276000
  662.135963000
  673.200860000
  683.531610000
  687.842121000
  698.188928000
  718.523560000
  935.354118000
  936.990779000
  941.447496000
 1012.355808000
 1015.960464000
 1021.242921000
 1057.565788000
 1065.728613000
 1066.220408000
 1070.391076000
 1073.229837000
 1073.531727000
 1081.555408000
 1084.893231000
 1088.949775000
 1090.427665000
 1094.682949000
 1101.781783000
 1109.741167000
 1117.195896000
 1118.776436000
 1141.008159000
 1144.870225000
 1150.471943000
 1165.875548000
 1185.082805000
 1206.364154000
 1214.469719000
 1222.439831000
 1240.703011000
 1264.771405000
 1279.499966000
 1298.670475000
 1338.834265000
 1357.020729000
 1367.792478000
 1376.958322000
 1386.166642000
 1393.761575000
 1396.737563000
 1411.687479000
 1424.172332000
 1429.390946000
 1453.538647000
 1465.816398000
 1489.887870000
 1497.299970000
 1504.394698000
 1653.021960000
 1658.149847000
 1666.834956000
 1708.656471000
 1713.468806000
 1716.553324000
 1720.572468000
 1733.047484000
 1750.908290000
 1762.856538000
 1768.045288000
 1770.790157000
 1770.913564000
 1788.534010000
 1894.215309000
 1921.792255000
 2207.266600000
 2215.615999000
 2249.228595000
 2254.412516000
 2266.117844000
 2272.520982000
 2276.251823000
 2287.302273000
 2290.975067000
 2298.648998000
 2300.932381000
 2312.583656000
 2324.398305000
 2325.485252000
 2327.719263000
 2329.805210000
 2333.025330000
 2334.198388000
 2854.691191000
 2857.501751000
 2868.057802000
 2869.075470000
 2871.805210000
 2876.931175000
 2940.270200000
 2945.493461000
 2954.431423000
 2958.699710000
 2961.456264000
 2966.686238000
 2971.121038000
 3150.825623000


 P=      70.0000 V=    1120.0767 E=    -549.554931380
    0.000000000    0.000000000    0.000000000
   -0.116266000
   -0.100789000
   -0.092142000
  226.290497000
  227.537572000
  227.791816000
  229.202607000
  230.352232000
  235.426003000
  406.814353000
  409.462748000
  411.371294000
  413.363999000
  416.175503000
  419.662691000
  430.408474000
  431.563612000
  439.994545000
  465.200275000
  466.958466000
  480.043577000
  481.506935000
  486.960379000
  495.222991000
  500.072747000
  501.374873000
  503.429795000
  517.416057000
  526.566432000
  552.722495000
  553.745048000
  563.404483000
  572.471038000
  590.179506000
  591.883417000
  594.486548000
  629.808538000
  637.396854000
  682.602064000
  715.992853000
  716.329134000
  726.250115000
  756.050781000
  766.957993000
  778.884621000
  785.615263000
  796.006104000
  815.370772000
 1013.626186000
 1014.570402000
 1017.308681000
 1102.980028000
 1105.065236000
 1108.284167000
 1154.709850000
 1160.737972000
 1162.171934000
 1164.980308000
 1166.355164000
 1167.242155000
 1174.510275000
 1176.166546000
 1178.205088000
 1181.559491000
 1185.710419000
 1187.985845000
 1202.892374000
 1211.416019000
 1213.804310000
 1238.228935000
 1240.008103000
 1246.286458000
 1262.730698000
 1275.306442000
 1295.344448000
 1300.179522000
 1306.459999000
 1326.097624000
 1346.465348000
 1362.296761000
 1384.157709000
 1448.735140000
 1466.384908000
 1473.963748000
 1483.663765000
 1492.512757000
 1497.959841000
 1504.104418000
 1516.673523000
 1527.494679000
 1532.125964000
 1540.838438000
 1561.377067000
 1590.494071000
 1594.424607000
 1595.447590000
 1663.308881000
 1667.750857000
 1678.329028000
 1725.159607000
 1726.531869000
 1733.968233000
 1735.621953000
 1745.097641000
 1762.416848000
 1769.462659000
 1775.115086000
 1777.630436000
 1782.580412000
 1786.619624000
 1797.099941000
 1813.004362000
 1839.814850000
 1845.619944000
 1868.063128000
 1872.794502000
 1877.188437000
 1882.977137000
 1891.971997000
 1899.082375000
 1912.574160000
 1927.490738000
 1929.374445000
 1930.280464000
 1937.538002000
 1938.290900000
 1947.848432000
 1951.298955000
 1964.121602000
 1985.247526000
 2687.099128000
 2695.554378000
 2701.068640000
 2703.142659000
 2707.288819000
 2717.221084000
 2810.970453000
 2814.032060000
 2824.182407000
 2826.961377000
 2828.463994000
 2833.881614000
 2842.508029000
 3077.188753000
 weight
 0.0 0.0 0.0 1.0
