

 #v,#q,#freq,#unit
 6, 1, 144,16
 P=      -1.0000 V=    2294.5870 E=    -550.867636740
    0.000000000    0.000000000    0.000000000
   -0.391699000
   -0.382595000
   -0.344611000
   48.594981000
   92.463498000
   94.892601000
   94.899148000
   96.707442000
   99.521428000
   99.566835000
  101.593894000
  107.816041000
  109.365172000
  114.522040000
  126.673220000
  132.431887000
  132.570240000
  135.281904000
  138.148941000
  151.381654000
  151.403735000
  155.360156000
  156.522481000
  156.889412000
  156.925327000
  158.789624000
  163.692722000
  163.869767000
  171.994284000
  172.083430000
  172.617667000
  177.527063000
  177.601881000
  178.884307000
  180.098843000
  180.156698000
  181.806476000
  182.077977000
  182.451254000
  185.896762000
  210.172303000
  210.781367000
  210.870686000
  217.945754000
  218.129949000
  218.362292000
  232.251559000
  237.485149000
  499.579372000
  499.721270000
  521.545563000
  531.968291000
  556.799220000
  557.062631000
  558.912243000
  561.275806000
  571.173102000
  571.340053000
  576.902424000
  580.993984000
  583.763512000
  584.082759000
  585.086985000
  598.021929000
  608.883231000
  611.695769000
  614.605297000
  614.936572000
  634.959272000
  635.987975000
  654.154615000
  654.240369000
  667.733320000
  672.203331000
  677.313787000
  692.945653000
  693.136250000
  719.864357000
  725.576964000
  726.156666000
  759.489823000
  762.405270000
  772.590238000
  786.867852000
  787.123378000
  819.186543000
  819.242745000
  824.538826000
  824.990374000
  828.320514000
  840.161238000
  869.389138000
  884.972106000
  898.974902000
  899.241572000
  941.757644000
 1581.470206000
 1600.912263000
 1629.346814000
 1629.529902000
 1634.117953000
 1634.244951000
 1636.507694000
 1637.695048000
 1643.102965000
 1647.179005000
 1656.052273000
 1656.141786000
 1661.807472000
 1661.896076000
 1673.195820000
 1713.904813000
 3357.755437000
 3359.101411000
 3389.325643000
 3390.326257000
 3390.938787000
 3393.948941000
 3402.976173000
 3403.458814000
 3406.119975000
 3406.537031000
 3408.536056000
 3408.908933000
 3410.941052000
 3411.286949000
 3456.763517000
 3459.031482000
 3459.723714000
 3460.543184000
 3462.142519000
 3484.574915000
 3485.867900000
 3486.266280000
 3489.941698000
 3490.118080000
 3492.066884000
 3492.486577000
 3494.364522000
 3494.654117000
 3502.494710000
 3505.740405000
 3509.085735000
 3510.826929000


 P=       0.0000 V=    2180.4716 E=    -550.867936360
    0.000000000    0.000000000    0.000000000
   -0.360986000
   -0.346647000
   -0.336410000
   77.622346000
  102.783070000
  105.120187000
  105.164037000
  108.908030000
  111.625221000
  114.223615000
  116.583250000
  116.671516000
  117.787284000
  136.880264000
  146.703600000
  148.761616000
  148.940135000
  150.437605000
  153.229029000
  167.782400000
  167.806770000
  172.371584000
  172.436702000
  172.659885000
  173.607464000
  173.999582000
  181.254774000
  181.453854000
  189.414376000
  189.720189000
  189.963676000
  190.031865000
  190.299208000
  191.076693000
  192.466486000
  192.537023000
  200.956953000
  201.312861000
  202.690030000
  205.004621000
  234.696419000
  234.810192000
  234.920626000
  239.801087000
  240.000715000
  243.675151000
  255.010078000
  262.660418000
  513.347651000
  513.448096000
  535.352829000
  548.098558000
  574.058222000
  574.364790000
  579.094174000
  579.594735000
  589.717730000
  590.025288000
  594.847032000
  600.194767000
  601.601987000
  601.903907000
  604.188521000
  616.904466000
  629.825374000
  629.980339000
  634.705647000
  635.128989000
  656.687006000
  659.408243000
  672.432039000
  672.571276000
  686.705941000
  694.713849000
  698.718218000
  717.197669000
  717.335719000
  740.520657000
  750.812430000
  751.416333000
  787.508666000
  788.547080000
  797.732613000
  813.883547000
  814.320582000
  847.454440000
  847.475347000
  852.344103000
  853.255523000
  853.610957000
  866.846681000
  898.450058000
  917.029466000
  929.406403000
  929.680012000
  976.263125000
 1580.312354000
 1599.595718000
 1630.981863000
 1631.193636000
 1635.441255000
 1635.610473000
 1638.213560000
 1639.895608000
 1644.694519000
 1648.969509000
 1658.763234000
 1658.842211000
 1664.986609000
 1665.068622000
 1678.205496000
 1721.861649000
 3332.059320000
 3333.775890000
 3366.439402000
 3366.706874000
 3367.702325000
 3369.716274000
 3381.160444000
 3381.718356000
 3382.934235000
 3383.325134000
 3388.807706000
 3388.869801000
 3389.856347000
 3390.073839000
 3433.186441000
 3433.460002000
 3434.716789000
 3434.869710000
 3450.406984000
 3467.520572000
 3467.807075000
 3473.111617000
 3473.310292000
 3475.688981000
 3475.820802000
 3478.580525000
 3479.329979000
 3479.474830000
 3486.890096000
 3489.700877000
 3495.077029000
 3496.294080000


 P=      10.0000 V=    1663.7474 E=    -550.722902840
    0.000000000    0.000000000    0.000000000
   -0.239176000
   -0.205931000
   -0.192826000
  148.121580000
  149.726399000
  149.810726000
  151.056694000
  154.700175000
  156.105205000
  214.646986000
  240.661322000
  241.193445000
  251.646093000
  252.008177000
  253.026734000
  253.961947000
  254.187898000
  263.215882000
  267.315783000
  269.557411000
  269.936118000
  270.290052000
  273.303477000
  274.417780000
  274.888569000
  277.001919000
  278.018190000
  280.038916000
  283.660578000
  286.521311000
  286.725936000
  300.634554000
  300.876660000
  307.636069000
  307.906964000
  309.664747000
  336.849940000
  337.082720000
  346.026890000
  353.717919000
  390.361704000
  390.671413000
  395.817327000
  395.839042000
  398.543236000
  412.699474000
  414.555077000
  430.273885000
  681.665880000
  681.760965000
  703.120970000
  733.175368000
  755.314455000
  755.426076000
  772.560959000
  781.382129000
  782.626190000
  785.263580000
  786.297189000
  786.855245000
  788.953677000
  789.157069000
  790.219792000
  812.227075000
  815.306622000
  825.269570000
  831.466580000
  832.082046000
  840.961306000
  852.689104000
  853.255724000
  868.187704000
  881.791005000
  883.259890000
  886.146502000
  910.362504000
  911.036582000
  930.201707000
  956.544819000
  957.186702000
  982.748708000
 1018.534445000
 1020.231265000
 1033.771476000
 1034.228538000
 1067.438435000
 1069.324972000
 1069.737709000
 1076.272849000
 1076.935439000
 1084.294154000
 1125.269921000
 1147.259309000
 1164.494176000
 1164.720907000
 1210.537236000
 1591.404414000
 1614.100769000
 1659.970503000
 1660.277160000
 1665.295340000
 1665.586435000
 1667.968724000
 1673.961057000
 1682.244194000
 1685.246460000
 1695.469406000
 1695.626459000
 1708.315855000
 1708.768009000
 1741.171376000
 1794.279146000
 3019.509547000
 3023.415068000
 3062.716390000
 3065.874397000
 3067.137583000
 3071.054753000
 3082.795522000
 3083.431005000
 3084.970966000
 3088.159638000
 3093.025067000
 3094.108320000
 3095.652445000
 3097.544592000
 3120.014418000
 3121.249005000
 3122.473786000
 3123.652030000
 3261.578733000
 3261.943865000
 3264.231706000
 3265.757939000
 3280.082940000
 3282.707170000
 3282.991888000
 3285.390455000
 3285.991189000
 3287.405226000
 3288.628958000
 3307.538312000
 3308.276035000
 3354.522665000


 P=      30.0000 V=    1360.6699 E=    -550.333058460
    0.000000000    0.000000000    0.000000000
   -0.095236000
   -0.088711000
   -0.080020000
  184.822806000
  187.678743000
  187.724221000
  187.777402000
  192.992261000
  193.108275000
  321.955379000
  335.923720000
  335.930082000
  340.811228000
  342.933308000
  343.326104000
  344.820030000
  347.188722000
  347.222384000
  348.058583000
  352.776990000
  352.825960000
  356.595787000
  375.949939000
  376.030443000
  376.081609000
  378.040994000
  380.657532000
  389.270640000
  402.352683000
  402.365529000
  406.989716000
  416.978581000
  417.001372000
  427.928465000
  427.968582000
  456.114719000
  474.939364000
  474.992065000
  489.071739000
  494.604629000
  538.224149000
  538.247186000
  555.205647000
  555.312579000
  555.327098000
  582.226724000
  582.801905000
  596.665855000
  835.011850000
  835.062405000
  849.553423000
  903.320819000
  919.468150000
  919.504320000
  945.752945000
  956.132215000
  957.084497000
  957.278923000
  958.174496000
  968.532462000
  968.746902000
  975.761417000
  976.088083000
  983.694514000
  992.356186000
 1005.074325000
 1010.881254000
 1010.905404000
 1011.788016000
 1022.940204000
 1023.044041000
 1057.306134000
 1057.919507000
 1060.299300000
 1062.442701000
 1085.849740000
 1086.019574000
 1098.016971000
 1144.281585000
 1144.486738000
 1154.049962000
 1225.205321000
 1231.034357000
 1238.063810000
 1238.160774000
 1264.339464000
 1273.351157000
 1273.601889000
 1278.930140000
 1279.170604000
 1285.899710000
 1333.209434000
 1349.089696000
 1379.817037000
 1380.084204000
 1411.948110000
 1607.793171000
 1633.050368000
 1692.933736000
 1692.995138000
 1695.657089000
 1695.697190000
 1700.007690000
 1706.854985000
 1722.164440000
 1728.480862000
 1729.971510000
 1730.028630000
 1752.349825000
 1752.491881000
 1819.348876000
 1875.312782000
 2594.035164000
 2599.439930000
 2640.567659000
 2641.091906000
 2646.829872000
 2653.016664000
 2665.295036000
 2665.347867000
 2665.480061000
 2666.187678000
 2673.426140000
 2673.726158000
 2675.518073000
 2675.897682000
 2694.807306000
 2698.086836000
 2699.910422000
 2700.007788000
 3034.765864000
 3034.811337000
 3035.168560000
 3035.444555000
 3047.219468000
 3055.918324000
 3085.887826000
 3085.953682000
 3089.086257000
 3089.298422000
 3103.412335000
 3106.936318000
 3108.877385000
 3231.421473000


 P=      50.0000 V=    1214.5760 E=    -549.938823400
    0.000000000    0.000000000    0.000000000
   -0.115916000
   -0.095774000
   -0.087899000
  206.468167000
  210.706094000
  210.813846000
  211.116001000
  214.325838000
  215.483111000
  379.768846000
  382.106515000
  382.626791000
  387.678988000
  388.472081000
  390.019306000
  391.987533000
  400.516224000
  401.249586000
  409.335109000
  417.428612000
  418.274915000
  424.365354000
  444.888308000
  445.757356000
  448.138107000
  448.909416000
  456.402285000
  460.981192000
  476.449456000
  476.854273000
  489.826171000
  490.272215000
  493.719135000
  524.985067000
  526.402185000
  564.198391000
  573.341925000
  574.362717000
  584.837259000
  594.327410000
  640.459543000
  640.983155000
  664.524043000
  665.321917000
  666.161456000
  702.596493000
  702.946765000
  711.106069000
  934.688309000
  935.256930000
  944.655514000
 1015.709034000
 1026.750512000
 1027.153733000
 1063.533408000
 1071.036913000
 1071.871128000
 1072.441170000
 1075.723103000
 1086.432923000
 1087.275929000
 1095.400871000
 1096.330075000
 1097.484493000
 1104.096406000
 1112.335847000
 1123.811682000
 1125.098448000
 1139.372546000
 1147.428691000
 1148.240607000
 1173.922621000
 1179.128961000
 1180.927330000
 1181.931316000
 1197.474854000
 1198.471704000
 1206.327999000
 1259.905484000
 1263.334474000
 1265.845629000
 1362.419046000
 1366.798390000
 1376.988477000
 1377.627013000
 1397.835417000
 1406.897581000
 1407.812442000
 1411.070470000
 1412.486870000
 1420.251463000
 1469.952605000
 1474.134926000
 1518.802223000
 1519.939271000
 1527.648449000
 1621.851665000
 1652.579497000
 1712.436630000
 1713.081014000
 1714.522876000
 1715.993522000
 1720.071717000
 1726.588655000
 1749.095971000
 1750.357154000
 1751.526238000
 1759.993350000
 1779.737344000
 1780.658044000
 1886.936009000
 1936.325689000
 2199.106490000
 2206.388943000
 2246.203186000
 2250.695322000
 2258.468167000
 2261.950916000
 2277.606762000
 2280.065429000
 2283.189399000
 2284.625702000
 2289.002431000
 2290.638366000
 2292.843287000
 2301.554349000
 2311.940959000
 2316.239788000
 2319.274505000
 2326.615773000
 2851.909801000
 2854.320374000
 2855.375515000
 2859.320360000
 2868.806579000
 2872.586941000
 2938.669046000
 2939.879666000
 2941.678769000
 2945.696502000
 2956.490571000
 2958.150144000
 2963.094473000
 3146.110061000


 P=      70.0000 V=    1119.0420 E=    -549.549431080
    0.000000000    0.000000000    0.000000000
   -0.149142000
   -0.132363000
   -0.107930000
  223.541653000
  227.209887000
  227.345921000
  228.125638000
  230.727362000
  231.038671000
  409.150049000
  409.418973000
  409.724029000
  416.034823000
  416.445743000
  419.349564000
  425.810888000
  432.055768000
  432.265573000
  454.283305000
  467.622091000
  467.843457000
  480.170844000
  496.802265000
  498.349667000
  498.435536000
  506.748780000
  513.207126000
  517.971828000
  532.606958000
  532.654228000
  547.199610000
  547.487742000
  559.637535000
  610.111092000
  610.639300000
  645.826116000
  656.491058000
  657.141865000
  658.100588000
  686.139206000
  723.313936000
  723.716032000
  753.243027000
  753.582788000
  758.372761000
  803.227663000
  804.399335000
  805.824108000
 1015.906574000
 1016.122438000
 1021.692754000
 1107.100712000
 1113.869830000
 1114.122946000
 1159.599223000
 1165.742382000
 1166.059618000
 1166.912421000
 1169.322364000
 1178.570919000
 1182.957795000
 1187.728043000
 1187.977819000
 1189.047369000
 1190.402282000
 1196.146702000
 1218.629915000
 1219.604107000
 1243.588667000
 1251.675369000
 1252.423767000
 1267.781876000
 1273.139066000
 1276.470239000
 1277.991404000
 1283.696115000
 1284.287575000
 1290.570746000
 1336.322703000
 1352.766384000
 1354.216221000
 1473.213102000
 1474.823734000
 1490.164121000
 1490.553339000
 1504.058080000
 1512.820499000
 1513.048310000
 1513.638263000
 1513.719323000
 1526.942001000
 1567.221540000
 1574.594656000
 1598.255691000
 1623.159873000
 1624.054969000
 1634.446182000
 1661.416321000
 1717.864594000
 1718.561216000
 1729.456063000
 1730.880851000
 1731.506948000
 1738.586697000
 1746.576016000
 1761.439428000
 1762.152477000
 1767.008199000
 1791.592916000
 1795.485820000
 1796.369825000
 1804.585886000
 1830.362102000
 1836.745590000
 1848.268263000
 1854.982272000
 1860.850938000
 1864.051661000
 1873.608211000
 1875.377885000
 1885.159302000
 1889.890603000
 1890.894543000
 1893.365564000
 1894.652730000
 1914.103896000
 1916.244146000
 1916.933150000
 1958.689442000
 1995.370658000
 2683.174266000
 2685.419796000
 2686.220162000
 2688.568343000
 2692.506074000
 2700.694944000
 2806.516302000
 2807.631637000
 2808.222857000
 2811.451969000
 2814.283150000
 2820.204630000
 2823.401036000
 3067.500898000
 weight
 0.0 0.0 0.0 1.0
