

 #v,#q,#freq,#unit
 6, 1, 144,16
 P=      -1.0000 V=    2298.5356 E=    -550.868111320
    0.000000000    0.000000000    0.000000000
   -0.431378000
   -0.402708000
   -0.326826000
   69.757526000
   83.079443000
   91.529624000
   92.780474000
   95.188290000
   99.396835000
  102.445448000
  105.960851000
  107.848144000
  108.307193000
  111.812924000
  121.982268000
  132.706709000
  136.724359000
  142.068778000
  143.083946000
  147.060807000
  148.728948000
  149.784422000
  154.754828000
  155.620699000
  157.640203000
  159.274297000
  161.804390000
  164.579063000
  165.475222000
  167.164239000
  172.015280000
  176.188393000
  177.446766000
  177.686937000
  178.632967000
  178.986678000
  180.848091000
  183.331150000
  190.126540000
  196.496231000
  202.711656000
  205.887794000
  207.460369000
  212.331232000
  214.632284000
  219.807291000
  231.171566000
  240.541677000
  493.665028000
  505.754150000
  524.124633000
  540.895575000
  542.895621000
  549.586494000
  552.413519000
  557.359477000
  564.192264000
  564.953288000
  570.627083000
  575.948657000
  583.876103000
  588.184867000
  590.903209000
  595.225546000
  601.785587000
  608.110220000
  615.828148000
  622.520609000
  625.141393000
  628.854118000
  639.619808000
  642.591478000
  653.345395000
  661.480945000
  679.973009000
  689.418684000
  710.163903000
  719.010684000
  729.259935000
  737.207046000
  755.001202000
  764.544030000
  783.122939000
  787.025102000
  798.760300000
  802.764444000
  818.405167000
  821.845615000
  826.493103000
  834.610022000
  842.298726000
  856.342776000
  886.091737000
  892.319379000
  902.130307000
  944.962688000
 1592.343786000
 1593.377471000
 1615.653811000
 1618.929005000
 1626.848985000
 1633.332667000
 1636.039553000
 1638.163473000
 1643.073419000
 1648.676963000
 1651.365474000
 1654.488784000
 1659.052716000
 1663.835065000
 1677.299080000
 1709.613069000
 3358.839680000
 3360.196180000
 3388.553682000
 3390.431185000
 3393.068626000
 3396.745475000
 3404.658260000
 3405.653438000
 3406.106425000
 3408.134711000
 3411.947038000
 3413.760648000
 3414.032939000
 3414.793901000
 3458.409878000
 3462.194589000
 3462.771684000
 3463.805496000
 3465.638172000
 3483.687213000
 3489.324325000
 3490.611305000
 3492.725254000
 3493.200368000
 3495.671444000
 3496.532394000
 3497.851514000
 3499.152667000
 3507.959849000
 3509.930807000
 3513.443712000
 3515.605528000


 P=       0.0000 V=    2183.0070 E=    -550.868772160
    0.000000000    0.000000000    0.000000000
   -0.380353000
   -0.352418000
   -0.280296000
   94.546014000
  101.329329000
  104.875042000
  105.775911000
  108.566055000
  110.728852000
  113.339666000
  114.865246000
  116.604834000
  117.741508000
  131.804542000
  143.140649000
  149.869087000
  152.867516000
  158.775569000
  159.267714000
  163.954265000
  165.894788000
  166.530357000
  170.829785000
  172.114545000
  174.257736000
  174.605224000
  179.502660000
  182.374538000
  182.671663000
  184.872653000
  188.650713000
  189.490013000
  190.377451000
  190.949730000
  191.377320000
  193.236056000
  195.323617000
  202.923067000
  210.583504000
  220.372890000
  227.021648000
  230.075269000
  231.805270000
  235.026990000
  239.737155000
  244.352092000
  254.437405000
  265.620717000
  507.615488000
  520.695547000
  537.925311000
  558.243798000
  560.097381000
  566.998331000
  570.651337000
  574.360069000
  582.915577000
  584.340138000
  590.868001000
  594.761379000
  603.285450000
  610.172450000
  612.647948000
  614.831175000
  623.370174000
  628.878865000
  638.544556000
  643.908546000
  647.653873000
  650.815861000
  662.275869000
  665.504706000
  675.919156000
  684.013979000
  702.616514000
  712.654645000
  734.860834000
  741.341080000
  753.317228000
  761.532233000
  780.452164000
  792.805377000
  811.321275000
  813.816537000
  826.298791000
  830.939302000
  847.922394000
  850.770020000
  855.285504000
  863.449094000
  871.206828000
  888.232776000
  919.565459000
  922.587356000
  935.863905000
  977.906183000
 1593.227425000
 1595.313587000
 1619.144499000
 1622.896880000
 1631.791147000
 1637.496580000
 1640.740285000
 1643.018785000
 1647.470748000
 1653.685975000
 1656.854114000
 1660.040524000
 1666.423074000
 1670.113868000
 1686.148450000
 1719.587618000
 3332.123573000
 3334.317399000
 3364.987064000
 3366.320886000
 3369.076499000
 3371.391102000
 3381.217674000
 3383.195735000
 3384.866304000
 3385.563888000
 3388.627870000
 3391.151574000
 3392.640332000
 3393.455650000
 3432.850910000
 3434.065926000
 3434.803406000
 3435.434922000
 3450.733342000
 3467.596082000
 3470.622765000
 3472.100887000
 3473.424339000
 3474.826234000
 3476.956684000
 3478.190722000
 3480.247106000
 3480.908505000
 3490.673980000
 3491.692235000
 3495.176491000
 3498.351954000


 P=      10.0000 V=    1663.8440 E=    -550.723539510
    0.000000000    0.000000000    0.000000000
   -0.277129000
   -0.259455000
   -0.219911000
  146.918074000
  149.503150000
  151.556437000
  152.674463000
  153.236347000
  157.782053000
  228.218397000
  237.716872000
  239.558660000
  247.543589000
  249.815807000
  255.314914000
  256.734787000
  259.763166000
  261.027653000
  263.923773000
  268.550944000
  268.816072000
  270.560859000
  271.537861000
  271.780597000
  273.044344000
  275.703338000
  279.001087000
  280.442319000
  283.213482000
  288.832193000
  289.520717000
  296.770419000
  303.987624000
  304.682611000
  308.986457000
  311.253196000
  317.684928000
  339.845666000
  351.406697000
  376.518087000
  380.332630000
  384.990344000
  389.332393000
  394.869967000
  406.062649000
  409.480999000
  412.857892000
  435.262841000
  679.509734000
  690.548955000
  704.816300000
  741.607614000
  748.959192000
  755.052380000
  762.264292000
  767.457075000
  776.162400000
  781.200330000
  781.548785000
  785.730753000
  789.342272000
  795.585339000
  799.457318000
  807.080400000
  815.998378000
  818.409176000
  831.375308000
  834.362762000
  839.246149000
  843.103498000
  854.362778000
  858.903100000
  867.948010000
  880.079371000
  896.216320000
  907.184604000
  933.903817000
  943.105528000
  960.491740000
  965.534183000
  994.743347000
 1002.567270000
 1032.391762000
 1034.409173000
 1051.121849000
 1052.361705000
 1071.303022000
 1073.658752000
 1078.641183000
 1085.991288000
 1095.643770000
 1108.456847000
 1150.187754000
 1158.776447000
 1171.005539000
 1221.803672000
 1602.738587000
 1610.784236000
 1641.643817000
 1647.641379000
 1658.778135000
 1665.232288000
 1671.763145000
 1673.614087000
 1679.914091000
 1690.031606000
 1692.112023000
 1696.297278000
 1703.992900000
 1710.192792000
 1742.565837000
 1790.452602000
 3019.243923000
 3023.123146000
 3060.639374000
 3063.423348000
 3065.302151000
 3070.945180000
 3083.436999000
 3084.608580000
 3086.812172000
 3090.647680000
 3091.699057000
 3093.968738000
 3096.000120000
 3098.835510000
 3121.574056000
 3122.342287000
 3123.707949000
 3124.118870000
 3260.876726000
 3262.693680000
 3266.633424000
 3267.750951000
 3270.730180000
 3279.085383000
 3284.036856000
 3284.324480000
 3286.718625000
 3290.978303000
 3299.543743000
 3303.938917000
 3309.802389000
 3354.849546000


 P=      30.0000 V=    1360.8499 E=    -550.334067810
    0.000000000    0.000000000    0.000000000
   -0.117407000
   -0.103204000
   -0.094215000
  185.059061000
  185.802197000
  188.096805000
  188.432920000
  190.053678000
  194.687516000
  331.561733000
  333.653963000
  337.540915000
  338.362282000
  341.494217000
  342.523836000
  344.868239000
  347.477800000
  351.639459000
  351.899092000
  356.263549000
  358.834520000
  362.024617000
  364.014556000
  369.782322000
  370.840209000
  379.226321000
  383.734779000
  387.886966000
  396.863334000
  398.412423000
  410.257783000
  415.250293000
  424.602419000
  428.917226000
  431.378693000
  445.519755000
  450.024478000
  479.547380000
  493.282500000
  520.834043000
  531.054657000
  535.977536000
  545.891939000
  554.441248000
  569.687530000
  574.720674000
  575.905440000
  604.052143000
  832.835403000
  841.487277000
  849.524562000
  909.681358000
  914.354385000
  918.133165000
  944.184744000
  947.309323000
  953.176019000
  956.943687000
  959.473854000
  960.163304000
  961.186341000
  968.134861000
  973.573984000
  986.179251000
  990.193256000
  996.966876000
 1001.030321000
 1011.662596000
 1020.745099000
 1025.323842000
 1031.991213000
 1034.582796000
 1044.841201000
 1061.295214000
 1072.076214000
 1083.859752000
 1109.077435000
 1123.801509000
 1141.779763000
 1146.988776000
 1178.988320000
 1206.978438000
 1237.022883000
 1238.627523000
 1252.945629000
 1258.379229000
 1272.317936000
 1280.372017000
 1282.244884000
 1290.023279000
 1298.985635000
 1309.827343000
 1361.226920000
 1367.582463000
 1387.280297000
 1428.210467000
 1618.150297000
 1631.859153000
 1669.578583000
 1675.661789000
 1690.696791000
 1694.981072000
 1704.178752000
 1708.072527000
 1713.652426000
 1726.203106000
 1731.720380000
 1733.229397000
 1743.074401000
 1752.222600000
 1816.189437000
 1870.481284000
 2593.763501000
 2599.162147000
 2639.900284000
 2644.025582000
 2645.135624000
 2647.619302000
 2663.975563000
 2667.017907000
 2668.965383000
 2672.786281000
 2673.676263000
 2675.236279000
 2677.200737000
 2679.346130000
 2699.164240000
 2700.599039000
 2701.540377000
 2701.990491000
 3034.194320000
 3035.489463000
 3037.968620000
 3040.811861000
 3043.542729000
 3053.090497000
 3085.273408000
 3087.012716000
 3088.590743000
 3098.191227000
 3103.812731000
 3106.005590000
 3110.573438000
 3232.071048000


 P=      50.0000 V=    1214.2647 E=    -549.938323750
    0.000000000    0.000000000    0.000000000
   -0.154217000
   -0.128479000
   -0.120922000
  208.295607000
  208.831052000
  210.098965000
  210.442840000
  212.931517000
  215.995180000
  380.133216000
  382.099680000
  384.104176000
  387.334175000
  388.088630000
  391.214597000
  394.003767000
  402.999250000
  406.038903000
  414.413424000
  420.213697000
  427.680009000
  429.092182000
  433.045448000
  439.918922000
  444.541579000
  449.255552000
  456.644685000
  463.803587000
  470.471121000
  476.946034000
  485.937742000
  492.752648000
  508.278041000
  512.059333000
  526.143584000
  548.438612000
  551.063191000
  579.519370000
  595.194277000
  620.539314000
  634.756857000
  641.590586000
  657.032697000
  664.713524000
  685.520533000
  691.165808000
  692.550487000
  721.866726000
  934.888555000
  941.288586000
  946.569761000
 1022.557442000
 1025.833700000
 1027.963417000
 1064.062215000
 1068.659490000
 1071.510605000
 1073.098162000
 1078.192629000
 1078.775799000
 1081.349417000
 1084.923426000
 1090.836502000
 1101.435939000
 1104.952498000
 1108.558118000
 1121.524458000
 1136.880228000
 1143.970669000
 1147.504223000
 1154.440747000
 1156.081394000
 1164.978462000
 1182.254153000
 1188.355492000
 1200.843605000
 1221.178246000
 1238.349390000
 1257.978461000
 1263.004125000
 1293.505428000
 1344.996442000
 1374.280636000
 1375.786006000
 1387.798104000
 1394.946773000
 1404.903231000
 1416.108684000
 1418.687790000
 1424.963118000
 1433.722612000
 1441.922998000
 1497.666535000
 1501.986327000
 1528.448092000
 1546.202362000
 1635.165755000
 1648.802448000
 1688.772851000
 1694.356617000
 1712.913439000
 1713.818483000
 1724.458952000
 1730.306369000
 1735.650340000
 1747.066443000
 1757.018938000
 1762.031012000
 1767.094594000
 1780.808177000
 1884.002598000
 1932.369816000
 2193.566162000
 2201.364727000
 2240.857840000
 2242.199177000
 2256.357877000
 2259.361354000
 2271.739856000
 2276.551841000
 2280.923423000
 2281.558733000
 2284.130670000
 2287.631032000
 2293.020269000
 2296.934962000
 2312.796912000
 2313.824869000
 2315.922644000
 2319.656908000
 2850.572840000
 2852.477525000
 2854.394712000
 2861.087580000
 2861.873893000
 2866.165079000
 2936.455610000
 2936.618461000
 2940.265018000
 2947.782854000
 2951.841704000
 2956.427933000
 2961.251691000
 3144.169406000


 P=      70.0000 V=    1118.1953 E=    -549.545752100
    0.000000000    0.000000000    0.000000000
   -0.166436000
   -0.157276000
   -0.113542000
  225.872389000
  226.360134000
  226.983326000
  227.337623000
  229.820331000
  231.655590000
  405.445586000
  408.419832000
  410.381133000
  414.882500000
  415.399613000
  420.870953000
  425.252745000
  435.884207000
  436.750004000
  461.329275000
  467.001693000
  478.964621000
  481.691249000
  485.602221000
  491.195222000
  495.814020000
  502.999224000
  513.083492000
  523.235972000
  527.405026000
  537.801782000
  541.995057000
  554.127436000
  569.628983000
  573.564436000
  612.426610000
  636.345138000
  639.849200000
  664.990055000
  680.455688000
  700.384329000
  715.385112000
  730.291401000
  749.590851000
  753.558722000
  782.623259000
  789.405660000
  791.942895000
  819.070976000
 1019.163450000
 1023.224108000
 1025.675974000
 1114.572534000
 1115.997180000
 1118.213770000
 1164.002683000
 1168.514481000
 1169.041834000
 1170.425417000
 1175.047458000
 1177.411174000
 1180.702896000
 1182.219936000
 1185.094523000
 1193.186994000
 1194.014064000
 1196.617732000
 1224.879702000
 1237.120859000
 1242.148551000
 1247.180904000
 1257.483543000
 1260.004429000
 1262.490761000
 1278.264287000
 1280.610446000
 1295.272622000
 1308.350478000
 1325.841373000
 1345.536221000
 1347.511228000
 1372.003826000
 1458.473877000
 1485.916291000
 1488.544894000
 1497.911533000
 1505.408239000
 1511.122288000
 1521.947649000
 1526.625816000
 1529.951756000
 1538.731863000
 1542.016852000
 1593.092667000
 1598.928119000
 1622.707954000
 1628.449133000
 1647.411405000
 1666.859748000
 1692.743966000
 1706.657180000
 1719.010781000
 1722.599199000
 1729.732969000
 1735.238275000
 1743.466936000
 1746.626295000
 1756.554261000
 1766.641936000
 1774.841288000
 1776.625321000
 1785.139589000
 1791.393385000
 1797.467141000
 1810.039015000
 1826.975985000
 1833.063281000
 1836.995932000
 1847.319172000
 1854.136314000
 1857.055459000
 1860.693205000
 1865.910126000
 1876.968728000
 1887.857143000
 1895.074903000
 1897.009898000
 1900.945232000
 1904.560681000
 1958.064542000
 1993.636472000
 2668.256655000
 2671.774179000
 2677.301786000
 2678.148176000
 2681.700244000
 2688.806824000
 2792.630578000
 2797.089843000
 2799.051419000
 2801.610735000
 2802.603766000
 2812.840269000
 2820.764428000
 3059.559203000
 weight
 0.0 0.0 0.0 1.0
