

 #v,#q,#freq,#unit
 6, 1, 144,16
 P=      -1.0000 V=    2290.7412 E=    -550.881673580
    0.000000000    0.000000000    0.000000000
   -0.193251000
   -0.188053000
   -0.135723000
   43.132832000
   43.574805000
  116.828504000
  116.891330000
  117.141825000
  117.248082000
  119.184949000
  119.215421000
  135.233883000
  135.271851000
  135.438347000
  135.713535000
  142.137997000
  142.245437000
  142.335154000
  142.401099000
  142.497450000
  142.573043000
  156.702419000
  156.878520000
  156.964725000
  157.772410000
  157.896516000
  162.750454000
  162.846648000
  162.885296000
  163.062856000
  168.350330000
  168.424321000
  168.770820000
  168.771792000
  168.785800000
  169.110689000
  189.677190000
  189.714164000
  189.807938000
  189.812138000
  190.944515000
  191.329945000
  213.357553000
  213.401646000
  213.431463000
  213.540236000
  225.764102000
  242.058955000
  514.262300000
  514.521392000
  516.772485000
  516.810773000
  516.963872000
  517.049227000
  521.196118000
  521.458046000
  548.295500000
  548.504409000
  588.903876000
  591.732457000
  594.369281000
  594.674126000
  602.978628000
  603.264960000
  615.801197000
  616.093275000
  628.295338000
  628.439715000
  628.477350000
  628.478355000
  628.619335000
  628.818019000
  630.224453000
  630.290733000
  632.957910000
  634.935889000
  694.118221000
  704.282455000
  704.367785000
  704.876898000
  704.991042000
  835.605808000
  835.668679000
  835.973143000
  836.112265000
  838.268613000
  839.710509000
  849.158876000
  849.418806000
  868.769387000
  868.991917000
  869.146886000
  869.190869000
  906.130946000
  906.301177000
 1037.876586000
 1551.975485000
 1589.018154000
 1596.327943000
 1596.355623000
 1596.364977000
 1596.408018000
 1629.833325000
 1629.954032000
 1643.664207000
 1643.697700000
 1643.731903000
 1643.742619000
 1647.851647000
 1650.291424000
 1650.427041000
 1708.478503000
 3364.948905000
 3369.283766000
 3396.672588000
 3396.695012000
 3396.720247000
 3396.754463000
 3399.881000000
 3399.881916000
 3399.905352000
 3399.927855000
 3442.327134000
 3442.540987000
 3448.560596000
 3448.760153000
 3466.740954000
 3466.746898000
 3466.925147000
 3467.339135000
 3467.342001000
 3469.426342000
 3469.427738000
 3470.061620000
 3470.062798000
 3488.427056000
 3510.365615000
 3510.421510000
 3510.508514000
 3510.521456000
 3518.819952000
 3518.853933000
 3518.947748000
 3518.997619000


 P=       0.0000 V=    2179.0756 E=    -550.881427950
    0.000000000    0.000000000    0.000000000
   -0.256432000
   -0.217517000
   -0.186891000
   72.397302000
   72.401384000
  123.182238000
  123.185072000
  135.588765000
  135.699449000
  135.750571000
  135.776940000
  139.466107000
  139.749380000
  139.854471000
  139.887816000
  158.770039000
  158.922462000
  159.014960000
  159.212431000
  159.727547000
  159.793704000
  172.024530000
  172.134094000
  172.546243000
  174.333663000
  174.378241000
  177.233969000
  177.292269000
  177.335443000
  177.387074000
  182.890914000
  183.062391000
  183.109007000
  183.118046000
  185.189335000
  185.401683000
  208.289027000
  208.299495000
  209.780572000
  209.798954000
  211.247590000
  211.428263000
  240.338582000
  240.360172000
  240.380417000
  240.497833000
  246.179946000
  268.503419000
  534.435510000
  534.447753000
  534.547391000
  534.569576000
  535.257357000
  535.338819000
  547.432235000
  547.537663000
  563.364260000
  563.478270000
  596.725189000
  606.674933000
  617.986767000
  618.045748000
  623.086777000
  623.152251000
  635.736168000
  635.840781000
  647.149968000
  647.276267000
  647.291615000
  647.479019000
  651.678929000
  651.894344000
  651.966852000
  652.098417000
  653.348222000
  653.773714000
  720.675108000
  729.661758000
  729.734658000
  729.861731000
  729.875976000
  863.838791000
  864.180220000
  865.231827000
  865.238892000
  865.422958000
  865.448720000
  879.207244000
  879.231435000
  896.441022000
  896.682228000
  896.710062000
  896.739625000
  939.883700000
  939.906791000
 1073.875508000
 1549.101116000
 1589.401299000
 1596.972360000
 1596.975549000
 1597.018799000
 1597.046441000
 1635.021142000
 1635.030199000
 1650.998452000
 1651.044524000
 1651.055882000
 1651.076018000
 1654.262724000
 1655.247826000
 1655.267818000
 1721.724667000
 3340.051967000
 3344.271432000
 3373.852804000
 3373.901258000
 3373.919567000
 3373.951207000
 3377.251464000
 3377.275066000
 3377.298231000
 3377.348426000
 3429.554831000
 3429.627199000
 3437.215125000
 3437.281127000
 3440.405630000
 3440.418148000
 3441.112247000
 3441.147264000
 3443.203997000
 3443.226272000
 3443.968487000
 3444.015656000
 3456.955936000
 3482.891645000
 3493.745076000
 3493.757330000
 3493.861930000
 3493.945855000
 3503.521604000
 3503.528727000
 3503.581237000
 3503.666167000


 P=      10.0000 V=    1666.2973 E=    -550.737875820
    0.000000000    0.000000000    0.000000000
   -0.206847000
   -0.187187000
   -0.120154000
  160.026540000
  160.063693000
  179.042401000
  179.081778000
  179.107614000
  179.154686000
  212.510463000
  212.709282000
  243.102930000
  243.134467000
  243.141595000
  243.235520000
  258.732348000
  258.751675000
  261.251756000
  261.260687000
  261.326389000
  261.338644000
  272.041401000
  272.463092000
  272.575655000
  281.086943000
  281.270855000
  292.755266000
  292.769041000
  292.804988000
  292.937089000
  295.084139000
  295.221257000
  295.224037000
  295.231174000
  306.986801000
  307.124872000
  325.216100000
  325.407214000
  345.695482000
  345.871754000
  357.309980000
  357.357036000
  386.671205000
  411.646048000
  411.830241000
  411.945701000
  412.102401000
  436.169467000
  705.585067000
  707.614416000
  707.891125000
  707.909442000
  711.637472000
  711.934593000
  716.222199000
  716.398246000
  738.329851000
  738.367369000
  748.587204000
  772.843895000
  812.462880000
  812.668887000
  828.395135000
  829.121787000
  829.139280000
  829.574328000
  831.048316000
  831.796533000
  833.180351000
  833.557014000
  835.957161000
  836.357612000
  836.518333000
  837.112295000
  850.749291000
  851.652039000
  933.346314000
  933.641035000
  933.688008000
  934.004130000
  956.191640000
 1083.103321000
 1084.286777000
 1090.853471000
 1090.892332000
 1094.823761000
 1094.998257000
 1095.055209000
 1095.287818000
 1119.089833000
 1119.209208000
 1119.491361000
 1119.761260000
 1172.167132000
 1172.196597000
 1345.133529000
 1530.772032000
 1597.138206000
 1606.004308000
 1606.010046000
 1606.095432000
 1606.156196000
 1657.276695000
 1657.341272000
 1682.555008000
 1682.579044000
 1682.587228000
 1682.695685000
 1685.842729000
 1687.116825000
 1687.223614000
 1794.850208000
 3035.782555000
 3039.812902000
 3079.624259000
 3080.630081000
 3080.995694000
 3081.857345000
 3083.109732000
 3083.984056000
 3084.679256000
 3087.401976000
 3136.398289000
 3137.414197000
 3137.909532000
 3138.381924000
 3140.421840000
 3141.281073000
 3142.668581000
 3144.799374000
 3248.310929000
 3248.898022000
 3266.534074000
 3267.135836000
 3294.396995000
 3294.560190000
 3294.621881000
 3296.240147000
 3301.611946000
 3321.345624000
 3321.376530000
 3322.675869000
 3323.127767000
 3362.601679000


 P=      30.0000 V=    1362.8346 E=    -550.347509760
    0.000000000    0.000000000    0.000000000
   -0.193048000
   -0.192734000
   -0.136805000
  193.081138000
  193.271899000
  208.565988000
  208.686256000
  208.756988000
  208.792302000
  326.643111000
  326.757429000
  326.858279000
  326.956924000
  327.044762000
  327.618251000
  339.010955000
  339.412549000
  354.658044000
  354.736085000
  354.761080000
  354.762572000
  365.052666000
  365.497561000
  367.024344000
  394.334460000
  394.460726000
  394.522620000
  394.534884000
  394.871835000
  395.295848000
  424.441928000
  424.465332000
  440.890036000
  441.067112000
  441.188318000
  441.196182000
  445.825753000
  446.247028000
  474.421068000
  474.517126000
  496.538581000
  496.860818000
  530.779490000
  584.228530000
  584.549382000
  584.565747000
  584.598665000
  604.132698000
  850.149621000
  850.520979000
  876.502806000
  880.623100000
  880.736654000
  880.898738000
  881.301116000
  888.789245000
  889.380347000
  927.498119000
  928.381770000
  930.251653000
  979.426012000
  980.642468000
  993.149318000
  993.306354000
  993.660496000
  993.690843000
 1010.298738000
 1010.301824000
 1010.680711000
 1010.751890000
 1022.947578000
 1024.168631000
 1034.083529000
 1035.186618000
 1038.123431000
 1039.007023000
 1137.664336000
 1137.675114000
 1137.878765000
 1138.205674000
 1180.547383000
 1283.335484000
 1284.571660000
 1290.557807000
 1292.180029000
 1296.755047000
 1296.991346000
 1297.136422000
 1297.371248000
 1323.640065000
 1323.718760000
 1323.884284000
 1324.111413000
 1393.799864000
 1394.581174000
 1509.499871000
 1593.500966000
 1608.221777000
 1618.164286000
 1618.196399000
 1618.340710000
 1618.417672000
 1685.108100000
 1685.477777000
 1718.482888000
 1719.151271000
 1721.192878000
 1721.339392000
 1721.485636000
 1721.547540000
 1729.725777000
 1881.234449000
 2616.399736000
 2620.899550000
 2666.986656000
 2667.675555000
 2667.697030000
 2668.093886000
 2668.147414000
 2668.881370000
 2668.895934000
 2669.111335000
 2717.451458000
 2719.574401000
 2721.691914000
 2722.938013000
 2723.833424000
 2724.248751000
 2727.152824000
 2728.777752000
 3030.544268000
 3033.465059000
 3066.560444000
 3066.821362000
 3066.849061000
 3067.087428000
 3078.685801000
 3081.369994000
 3119.403968000
 3123.870487000
 3124.127263000
 3124.209578000
 3124.348061000
 3241.627072000


 P=      50.0000 V=    1215.6528 E=    -549.949441680
    0.000000000    0.000000000    0.000000000
   -0.125482000
   -0.123973000
   -0.116505000
  213.720660000
  213.747367000
  224.761229000
  224.897234000
  224.942005000
  225.043718000
  372.692967000
  372.780379000
  372.868058000
  373.018663000
  388.780770000
  388.857750000
  401.803910000
  401.849897000
  421.005681000
  421.177202000
  424.357386000
  424.455210000
  424.466475000
  424.514359000
  426.456896000
  460.953439000
  461.131810000
  461.197058000
  461.465975000
  468.382468000
  468.421996000
  506.136244000
  506.260474000
  531.651488000
  531.834700000
  549.813517000
  550.016926000
  550.031214000
  550.094047000
  561.060718000
  561.070102000
  588.395122000
  588.435538000
  635.975946000
  707.472205000
  707.764955000
  707.828456000
  707.992125000
  720.932270000
  944.784460000
  944.900939000
  963.124887000
 1006.324714000
 1006.463320000
 1006.748973000
 1006.782837000
 1006.890369000
 1006.999632000
 1037.063573000
 1056.677939000
 1056.825067000
 1093.551630000
 1093.701482000
 1102.262230000
 1102.401433000
 1102.481092000
 1102.484757000
 1127.599766000
 1127.666253000
 1127.902287000
 1127.928559000
 1152.545476000
 1152.733742000
 1157.490863000
 1157.639742000
 1174.696183000
 1174.829216000
 1283.782318000
 1283.787431000
 1283.845030000
 1283.953246000
 1331.626687000
 1412.814227000
 1412.825304000
 1412.879272000
 1412.946880000
 1418.074375000
 1418.220802000
 1424.956448000
 1425.137283000
 1456.882011000
 1456.938820000
 1456.969152000
 1456.996367000
 1491.214418000
 1542.888017000
 1542.997881000
 1617.546947000
 1635.619291000
 1635.710980000
 1635.739830000
 1635.896557000
 1702.999408000
 1703.094292000
 1738.467235000
 1738.552960000
 1745.576716000
 1745.677358000
 1745.828295000
 1745.892458000
 1758.627705000
 1764.453566000
 1945.873554000
 2222.517037000
 2229.401540000
 2275.206992000
 2275.457285000
 2275.497003000
 2275.569956000
 2283.774790000
 2283.830862000
 2283.890507000
 2283.990306000
 2331.109087000
 2331.713159000
 2338.715805000
 2338.922872000
 2339.980765000
 2341.152823000
 2344.139306000
 2344.918211000
 2854.484868000
 2854.995577000
 2882.055444000
 2882.069784000
 2882.177924000
 2882.306347000
 2936.417933000
 2936.843259000
 2970.764856000
 2971.342261000
 2971.455477000
 2971.582612000
 2972.192698000
 3153.931962000


 P=      70.0000 V=    1120.4173 E=    -549.560270640
    0.000000000    0.000000000    0.000000000
   -0.193304000
   -0.186252000
   -0.183336000
  229.244889000
  229.262181000
  236.104293000
  236.199405000
  236.255678000
  236.259187000
  404.613635000
  404.666031000
  404.792578000
  404.805621000
  423.451431000
  423.514168000
  455.138698000
  455.225819000
  457.957011000
  458.121436000
  468.491735000
  477.115298000
  477.152586000
  477.172931000
  477.179145000
  510.445409000
  510.505676000
  510.539000000
  510.539870000
  518.114361000
  518.198774000
  574.967533000
  575.056628000
  601.304164000
  601.406102000
  624.094601000
  624.106468000
  643.719124000
  643.763155000
  643.767366000
  643.775735000
  652.727793000
  652.734151000
  725.289663000
  810.478562000
  810.581062000
  810.586542000
  810.616731000
  814.787894000
 1017.850311000
 1017.927090000
 1032.316353000
 1097.815229000
 1097.859542000
 1111.185143000
 1111.189326000
 1111.238439000
 1111.256489000
 1117.647619000
 1154.482172000
 1154.533834000
 1180.487646000
 1180.535658000
 1187.252401000
 1187.285433000
 1187.334424000
 1187.335855000
 1217.869605000
 1217.916676000
 1217.918815000
 1217.927205000
 1252.506673000
 1252.587188000
 1253.631380000
 1253.726162000
 1275.467077000
 1275.566250000
 1403.551641000
 1403.574528000
 1403.590943000
 1403.608427000
 1448.659429000
 1465.015076000
 1471.670977000
 1471.676705000
 1471.694383000
 1471.696249000
 1521.922259000
 1521.939755000
 1527.008109000
 1527.063716000
 1555.242156000
 1555.254187000
 1555.257901000
 1555.271181000
 1625.593203000
 1652.684916000
 1652.759917000
 1666.501196000
 1666.519995000
 1666.541595000
 1666.545191000
 1710.519213000
 1710.571232000
 1751.114361000
 1751.128363000
 1754.513863000
 1754.532080000
 1754.532689000
 1754.534933000
 1771.796294000
 1816.328221000
 1842.722365000
 1870.000741000
 1870.089686000
 1870.160133000
 1870.208805000
 1886.620676000
 1888.293605000
 1888.368450000
 1888.406015000
 1888.460008000
 1931.050845000
 1931.438086000
 1944.678320000
 1945.068187000
 1956.131942000
 1956.512053000
 1957.467200000
 1957.863845000
 1998.499109000
 2694.776102000
 2695.110655000
 2714.325294000
 2714.328273000
 2714.369211000
 2714.404531000
 2812.728540000
 2812.969734000
 2836.933276000
 2838.082369000
 2838.083679000
 2838.100924000
 2838.126800000
 3079.281295000
 weight
 0.0 0.0 0.0 1.0
