

 #v,#q,#freq,#unit
 6, 1, 144,16
 P=      -1.0000 V=    2312.8071 E=    -550.875742640
    0.000000000    0.000000000    0.000000000
   -0.311699000
   -0.303252000
   -0.230493000
   63.929348000
   65.408299000
   98.138346000
   99.181221000
  104.129334000
  114.186869000
  114.357901000
  114.632962000
  117.912593000
  121.526584000
  121.705567000
  122.468151000
  126.821943000
  135.619581000
  137.391250000
  138.599051000
  145.312135000
  151.510997000
  153.757924000
  154.670252000
  155.514934000
  155.918706000
  157.457481000
  159.301496000
  160.452978000
  161.497162000
  164.214200000
  165.814419000
  166.666372000
  168.054967000
  168.425243000
  173.656897000
  174.924946000
  182.351515000
  183.816639000
  189.618442000
  193.000185000
  197.265151000
  199.098849000
  202.124519000
  209.682744000
  210.329783000
  219.094045000
  221.380587000
  244.609522000
  504.097078000
  506.611502000
  519.185968000
  520.499419000
  523.301127000
  528.815961000
  532.275848000
  532.675001000
  538.491165000
  546.256915000
  560.163768000
  567.204524000
  574.111052000
  576.829284000
  584.124852000
  594.337129000
  597.069731000
  602.690944000
  610.137401000
  611.823528000
  615.311562000
  616.231477000
  621.266781000
  632.137208000
  637.730446000
  646.689500000
  660.724555000
  664.865126000
  701.042800000
  710.817253000
  714.458091000
  721.665091000
  744.508395000
  784.926131000
  786.802992000
  795.797114000
  813.556887000
  818.874046000
  821.219097000
  831.335181000
  839.113233000
  850.246074000
  859.984165000
  862.708037000
  869.513325000
  870.753377000
  902.643818000
  980.725633000
 1571.631561000
 1593.415019000
 1605.251119000
 1609.902601000
 1610.014623000
 1616.515491000
 1625.331722000
 1638.697370000
 1639.806225000
 1640.185593000
 1640.785840000
 1648.188725000
 1652.309287000
 1652.674525000
 1668.683946000
 1700.418342000
 3358.829865000
 3363.600275000
 3372.410691000
 3384.818531000
 3398.019475000
 3403.212713000
 3404.187800000
 3413.167011000
 3415.620301000
 3418.885455000
 3419.447640000
 3420.344493000
 3427.115093000
 3440.215732000
 3457.429041000
 3466.894827000
 3475.123963000
 3477.054622000
 3479.559989000
 3487.422925000
 3494.307823000
 3501.984271000
 3507.335753000
 3510.399890000
 3511.266889000
 3512.359167000
 3516.060149000
 3518.740869000
 3521.716492000
 3526.649191000
 3532.837393000
 3549.277936000


 P=       0.0000 V=    2189.9317 E=    -550.876851930
    0.000000000    0.000000000    0.000000000
   -0.328547000
   -0.294000000
   -0.261093000
   90.249023000
   92.031126000
  119.310315000
  120.283159000
  121.348619000
  121.460058000
  125.343829000
  126.959764000
  129.365051000
  129.743741000
  130.161022000
  134.764143000
  145.036854000
  152.794908000
  154.135950000
  155.690291000
  162.074442000
  168.055646000
  169.855792000
  171.014036000
  171.505201000
  172.044100000
  173.590383000
  175.215730000
  176.122092000
  176.221285000
  180.225639000
  181.758528000
  183.107934000
  184.146999000
  185.311361000
  191.694280000
  193.861434000
  201.301107000
  202.878441000
  212.302283000
  215.917059000
  222.637142000
  224.133392000
  230.554339000
  237.054449000
  237.422057000
  243.861605000
  247.537656000
  271.279694000
  522.273525000
  525.870178000
  538.677920000
  540.197306000
  543.301434000
  546.449315000
  550.215126000
  553.557214000
  559.439792000
  564.107145000
  578.296232000
  585.847173000
  592.933132000
  598.321385000
  607.930495000
  621.577752000
  622.400690000
  626.862174000
  632.801968000
  635.001810000
  640.234289000
  641.648667000
  646.388496000
  655.856030000
  662.418353000
  669.820421000
  686.128689000
  691.427972000
  728.071928000
  738.770025000
  742.940600000
  750.529512000
  771.185481000
  813.126017000
  815.144695000
  827.189338000
  843.898331000
  850.022253000
  852.792074000
  861.923908000
  871.923151000
  883.262692000
  893.818512000
  895.749890000
  902.392345000
  904.433454000
  937.886034000
 1018.890953000
 1570.196237000
 1594.159022000
 1607.579410000
 1611.577593000
 1611.725487000
 1618.524799000
 1628.401748000
 1642.514990000
 1643.368289000
 1644.185875000
 1644.501254000
 1652.109270000
 1657.287490000
 1657.290240000
 1675.011584000
 1709.785614000
 3325.031060000
 3332.210657000
 3338.010436000
 3358.021437000
 3368.451475000
 3374.301542000
 3376.606451000
 3389.743443000
 3390.966260000
 3394.811817000
 3395.606336000
 3398.487701000
 3402.445668000
 3416.820492000
 3436.078140000
 3440.626651000
 3446.281204000
 3448.047449000
 3455.361133000
 3465.724804000
 3477.587401000
 3479.235307000
 3486.793961000
 3490.237819000
 3492.042341000
 3495.141902000
 3497.873900000
 3502.105227000
 3503.560518000
 3508.067498000
 3516.883712000
 3537.319224000


 P=      10.0000 V=    1665.7182 E=    -550.732462680
    0.000000000    0.000000000    0.000000000
   -0.193870000
   -0.171956000
   -0.117353000
  158.876858000
  158.976335000
  168.421115000
  168.448064000
  168.846873000
  169.201772000
  225.330099000
  225.356965000
  243.887242000
  249.430155000
  253.110479000
  253.627346000
  256.979276000
  257.144047000
  258.213776000
  263.992332000
  264.247173000
  264.425487000
  266.474114000
  266.664361000
  268.396706000
  270.884116000
  272.936293000
  273.928903000
  283.296254000
  289.917089000
  290.122311000
  291.528762000
  299.299408000
  299.567880000
  307.958986000
  308.096793000
  310.540083000
  322.928121000
  323.109128000
  348.835870000
  354.613755000
  378.427071000
  378.533849000
  390.955476000
  403.422380000
  403.880038000
  408.663468000
  409.049748000
  438.362110000
  697.405859000
  702.063036000
  716.712900000
  721.472560000
  730.420949000
  730.827915000
  737.321693000
  737.523280000
  744.444558000
  757.099105000
  757.715210000
  767.392963000
  786.226176000
  786.879391000
  810.381154000
  817.509977000
  818.145331000
  818.217359000
  827.961925000
  828.780624000
  838.250261000
  838.852897000
  842.934522000
  847.004605000
  847.496082000
  850.792709000
  896.457066000
  896.943059000
  945.009401000
  963.362170000
  963.899170000
  977.037051000
  977.862754000
 1028.057473000
 1028.696135000
 1045.690062000
 1059.816299000
 1060.770141000
 1093.803770000
 1094.209184000
 1104.555468000
 1107.517323000
 1116.356299000
 1117.687100000
 1127.312125000
 1137.970156000
 1176.485176000
 1265.492197000
 1567.216331000
 1604.132082000
 1629.504806000
 1629.798764000
 1632.525530000
 1645.036165000
 1653.794430000
 1672.776724000
 1672.864617000
 1677.914972000
 1678.138044000
 1691.715178000
 1694.036521000
 1694.077116000
 1721.168503000
 1785.461010000
 3025.265733000
 3029.266923000
 3055.182946000
 3069.976750000
 3074.478027000
 3077.764064000
 3088.758808000
 3094.074349000
 3094.514895000
 3097.115090000
 3101.406808000
 3102.474960000
 3130.718899000
 3134.010113000
 3134.547851000
 3134.956537000
 3135.258466000
 3139.178789000
 3251.573029000
 3251.752789000
 3277.774958000
 3278.617375000
 3279.406163000
 3284.720332000
 3285.799631000
 3298.204907000
 3301.191937000
 3307.163844000
 3310.076813000
 3311.870959000
 3328.918363000
 3360.046641000


 P=      30.0000 V=    1362.4473 E=    -550.342919010
    0.000000000    0.000000000    0.000000000
   -0.152396000
   -0.125726000
   -0.118913000
  192.699716000
  192.739029000
  200.166298000
  200.198274000
  201.461904000
  202.195658000
  327.035535000
  327.056994000
  328.254576000
  333.981217000
  339.654609000
  339.658048000
  344.281349000
  347.621400000
  347.629776000
  356.396218000
  361.302723000
  366.522181000
  366.552184000
  366.588358000
  368.963867000
  369.756947000
  369.819427000
  388.032230000
  391.463768000
  395.089317000
  400.613774000
  414.304986000
  414.314754000
  431.137810000
  431.241326000
  436.516701000
  436.561385000
  448.186605000
  448.270488000
  476.200775000
  498.882906000
  530.524173000
  530.642662000
  543.164060000
  569.882782000
  569.941615000
  572.177381000
  580.844059000
  606.243012000
  842.171762000
  848.298350000
  862.718434000
  892.165923000
  894.145786000
  906.630640000
  906.838793000
  909.588223000
  910.461538000
  926.028275000
  940.512814000
  940.581556000
  959.872746000
  960.161861000
  976.433267000
  985.209389000
  985.229887000
  986.395958000
 1003.258689000
 1008.896078000
 1009.089158000
 1019.781985000
 1020.072959000
 1023.410561000
 1040.778599000
 1048.620826000
 1079.017006000
 1079.163882000
 1145.157386000
 1158.908674000
 1159.037739000
 1160.617260000
 1189.243614000
 1221.946933000
 1222.100432000
 1237.391496000
 1259.951147000
 1260.090414000
 1296.085765000
 1296.258993000
 1307.741908000
 1307.978196000
 1323.874689000
 1323.918189000
 1335.778344000
 1352.842563000
 1397.018112000
 1459.677446000
 1569.338758000
 1621.555617000
 1650.955305000
 1651.062568000
 1673.423497000
 1675.912728000
 1687.546866000
 1702.607804000
 1702.700288000
 1712.670850000
 1712.778185000
 1730.424522000
 1730.630269000
 1736.039212000
 1780.368035000
 1869.100710000
 2594.653936000
 2606.311407000
 2634.995364000
 2641.178006000
 2661.176744000
 2662.188361000
 2674.007399000
 2674.527140000
 2687.678207000
 2690.877395000
 2693.908234000
 2694.325494000
 2713.481290000
 2717.132960000
 2717.472260000
 2717.521011000
 2722.674258000
 2725.652233000
 3035.993073000
 3036.308102000
 3042.184724000
 3055.129428000
 3055.460814000
 3080.466308000
 3088.643569000
 3088.875974000
 3102.611159000
 3112.211448000
 3112.683682000
 3117.640173000
 3137.732543000
 3239.458676000


 P=      50.0000 V=    1214.9589 E=    -549.944651210
    0.000000000    0.000000000    0.000000000
   -0.225955000
   -0.225275000
   -0.199236000
  213.369569000
  213.374347000
  219.360336000
  219.403600000
  220.676272000
  221.256039000
  376.199643000
  376.923636000
  377.337510000
  381.932991000
  388.088231000
  388.116188000
  399.036748000
  415.744289000
  416.030346000
  416.413877000
  423.793282000
  425.165803000
  433.425567000
  436.895558000
  437.124193000
  444.522097000
  444.636465000
  458.227542000
  460.252528000
  470.626294000
  477.295547000
  492.827756000
  493.022122000
  519.656946000
  519.780526000
  523.292966000
  544.065358000
  544.698526000
  546.830377000
  559.751913000
  604.465309000
  634.814976000
  635.331607000
  653.627870000
  687.483617000
  687.566343000
  688.292484000
  705.281945000
  724.032389000
  941.833768000
  945.511268000
  956.391622000
 1011.657431000
 1013.641714000
 1029.857129000
 1032.735251000
 1032.899611000
 1034.010937000
 1034.767175000
 1067.060216000
 1067.249001000
 1080.541709000
 1080.672468000
 1089.598443000
 1099.151084000
 1099.421568000
 1106.656937000
 1109.763091000
 1129.669267000
 1130.710532000
 1140.688585000
 1141.307368000
 1147.583605000
 1178.877011000
 1182.458025000
 1202.619189000
 1203.123717000
 1273.055341000
 1289.711964000
 1293.226095000
 1293.959363000
 1329.590417000
 1346.312890000
 1346.670508000
 1366.182238000
 1392.121970000
 1392.660412000
 1427.802407000
 1431.629481000
 1432.087473000
 1432.318281000
 1458.357510000
 1459.392556000
 1469.126139000
 1486.636731000
 1544.681045000
 1552.619704000
 1584.638125000
 1637.809855000
 1670.044507000
 1670.541211000
 1698.642935000
 1718.555860000
 1721.190319000
 1721.823406000
 1721.907128000
 1734.110923000
 1734.273087000
 1754.079475000
 1754.184054000
 1769.751285000
 1845.912059000
 1934.923338000
 2192.097158000
 2209.292190000
 2238.253993000
 2253.781767000
 2264.957897000
 2269.625160000
 2279.325264000
 2283.027443000
 2288.799741000
 2298.366279000
 2298.839825000
 2303.157926000
 2321.918248000
 2329.206714000
 2329.466139000
 2329.668362000
 2332.176142000
 2334.041925000
 2852.598496000
 2853.391273000
 2857.921724000
 2867.550554000
 2870.730396000
 2888.712970000
 2936.582280000
 2937.813829000
 2950.229672000
 2955.998772000
 2959.158192000
 2965.917818000
 2978.542996000
 3148.812331000


 P=      70.0000 V=    1119.6062 E=    -549.555064970
    0.000000000    0.000000000    0.000000000
   -0.146845000
   -0.136818000
   -0.117484000
  227.923282000
  227.975857000
  232.410786000
  232.499026000
  233.810013000
  233.914506000
  403.677555000
  405.072206000
  405.307069000
  411.690698000
  418.546171000
  418.715419000
  431.695246000
  447.902506000
  462.692845000
  468.005143000
  468.185945000
  480.164400000
  483.732926000
  490.079891000
  490.315084000
  500.636238000
  500.865952000
  507.893137000
  509.044565000
  522.650452000
  534.887547000
  555.189917000
  555.565865000
  590.387818000
  590.486594000
  591.400868000
  620.925358000
  628.808865000
  629.133108000
  642.700072000
  695.017991000
  717.253484000
  717.791789000
  745.322762000
  783.380298000
  785.004028000
  785.335895000
  809.764035000
  820.306751000
 1018.535833000
 1021.182466000
 1027.771532000
 1103.837892000
 1105.482430000
 1117.519252000
 1130.553459000
 1136.278584000
 1136.535255000
 1138.620270000
 1165.214132000
 1165.252504000
 1173.145835000
 1174.336993000
 1178.222467000
 1186.383802000
 1187.031953000
 1192.517234000
 1201.075868000
 1224.032073000
 1224.393241000
 1237.946144000
 1238.653358000
 1242.227559000
 1282.235321000
 1285.109467000
 1294.720433000
 1295.335294000
 1345.091393000
 1384.937361000
 1385.892421000
 1409.546256000
 1425.556754000
 1446.483697000
 1446.960332000
 1450.507755000
 1495.578633000
 1497.783735000
 1498.747602000
 1508.601774000
 1535.615057000
 1536.286022000
 1560.025738000
 1560.216121000
 1563.132251000
 1575.104369000
 1604.651041000
 1630.161331000
 1657.292150000
 1661.461605000
 1686.579856000
 1687.104391000
 1714.816811000
 1728.631095000
 1732.229048000
 1732.519763000
 1746.343945000
 1746.643828000
 1747.863706000
 1764.884463000
 1765.782164000
 1765.902813000
 1793.267487000
 1812.844259000
 1842.025452000
 1848.803277000
 1855.333408000
 1857.281951000
 1867.536250000
 1872.501681000
 1882.032982000
 1887.721562000
 1894.639099000
 1903.634746000
 1921.025772000
 1927.984540000
 1928.326257000
 1929.169327000
 1930.621375000
 1934.240561000
 1939.263998000
 1994.273311000
 2685.365466000
 2688.207053000
 2691.572274000
 2699.371107000
 2699.552870000
 2714.640371000
 2807.035352000
 2807.997959000
 2816.075140000
 2822.084235000
 2822.697417000
 2828.049401000
 2840.635712000
 3072.282289000
 weight
 0.0 0.0 0.0 1.0
