

 #v,#q,#freq,#unit
 6, 1, 144,16
 P=      -1.0000 V=    2307.9198 E=    -550.868135130
    0.000000000    0.000000000    0.000000000
   -0.517790000
   -0.391194000
   -0.296670000
   68.617756000
   84.393538000
   87.520699000
   96.074682000
  100.968810000
  103.595717000
  105.611981000
  107.794866000
  108.280041000
  108.870385000
  112.443810000
  117.894327000
  134.597645000
  136.717146000
  139.415618000
  141.535844000
  143.752600000
  147.050281000
  148.103581000
  153.479640000
  154.461078000
  155.308523000
  157.020100000
  160.386048000
  164.676163000
  167.250825000
  167.827245000
  171.203435000
  172.769426000
  173.845171000
  175.292503000
  176.549698000
  177.617633000
  182.340304000
  184.435041000
  190.832710000
  194.663580000
  196.506749000
  204.807444000
  206.201235000
  210.200206000
  212.009654000
  217.641808000
  228.082979000
  236.245814000
  497.200885000
  511.408207000
  518.759908000
  536.989808000
  542.100989000
  544.656845000
  547.182856000
  552.790951000
  560.980281000
  563.382154000
  565.393081000
  570.861207000
  572.508236000
  579.346384000
  585.677605000
  591.515311000
  600.730455000
  602.116456000
  616.203436000
  620.066121000
  626.601531000
  628.839887000
  635.908515000
  643.328480000
  654.794685000
  665.941871000
  681.316457000
  688.632121000
  695.105898000
  704.785563000
  719.110543000
  737.646447000
  759.932161000
  776.243676000
  780.821343000
  788.712331000
  790.386493000
  795.050217000
  803.844579000
  808.433671000
  821.459056000
  824.797464000
  830.398627000
  849.877191000
  870.035558000
  880.392013000
  894.198162000
  931.709050000
 1588.934047000
 1604.436214000
 1607.886108000
 1617.384639000
 1627.841996000
 1630.071185000
 1642.098324000
 1644.231755000
 1646.406136000
 1647.040521000
 1651.681641000
 1657.195238000
 1660.793595000
 1668.335231000
 1679.947493000
 1702.981978000
 3362.988856000
 3364.045074000
 3390.587451000
 3394.902809000
 3400.565699000
 3402.000361000
 3407.474320000
 3408.397392000
 3409.328513000
 3412.102309000
 3416.434413000
 3417.619031000
 3418.850581000
 3419.584574000
 3461.280400000
 3465.132088000
 3466.453405000
 3467.255395000
 3470.235657000
 3487.602705000
 3492.185422000
 3492.863057000
 3494.521654000
 3495.649712000
 3500.012407000
 3500.602743000
 3501.886433000
 3502.634190000
 3509.708683000
 3513.626286000
 3515.396791000
 3518.926803000


 P=       0.0000 V=    2189.4189 E=    -550.869084230
    0.000000000    0.000000000    0.000000000
   -0.473940000
   -0.323679000
   -0.262632000
   94.114214000
  106.873545000
  107.329086000
  109.644870000
  111.484352000
  111.892220000
  112.717375000
  114.791815000
  119.688579000
  121.847628000
  127.704240000
  136.775876000
  151.388635000
  152.614288000
  155.513049000
  158.247954000
  160.857973000
  163.933605000
  164.972470000
  169.176576000
  170.598714000
  171.826435000
  173.738221000
  177.505675000
  180.479389000
  183.135137000
  184.008234000
  186.011615000
  187.085988000
  187.682841000
  189.902467000
  191.562318000
  194.201305000
  201.730909000
  203.977606000
  214.091718000
  218.165750000
  219.404328000
  229.612614000
  230.941322000
  232.835548000
  237.019202000
  242.899704000
  252.768890000
  259.899548000
  511.786886000
  525.249386000
  533.848200000
  554.108746000
  559.405689000
  561.876636000
  566.015629000
  571.690865000
  578.945391000
  582.809453000
  583.764827000
  589.989672000
  591.649858000
  598.258942000
  605.126713000
  610.672503000
  619.246289000
  622.107025000
  636.520111000
  641.318717000
  647.986441000
  650.181533000
  657.256834000
  664.689086000
  676.202407000
  687.702715000
  703.318274000
  711.949359000
  717.144221000
  727.838324000
  743.368353000
  762.681741000
  787.229326000
  804.234007000
  808.751962000
  816.311257000
  818.167013000
  822.952406000
  832.816356000
  837.414435000
  850.593411000
  853.112255000
  859.490819000
  879.918217000
  901.386690000
  911.274925000
  926.062271000
  965.293400000
 1588.105818000
 1604.570870000
 1609.110403000
 1619.540772000
 1630.068240000
 1632.452376000
 1644.880001000
 1647.063621000
 1649.337150000
 1650.014720000
 1655.338323000
 1661.217937000
 1665.234123000
 1673.063982000
 1686.943922000
 1711.268123000
 3337.141090000
 3338.581129000
 3368.297219000
 3370.714592000
 3377.280408000
 3378.458464000
 3385.635848000
 3386.903141000
 3387.065600000
 3391.133362000
 3395.909861000
 3396.711713000
 3397.876994000
 3398.708560000
 3438.987216000
 3439.442392000
 3441.085787000
 3442.029250000
 3455.746375000
 3474.532043000
 3475.067643000
 3475.619986000
 3477.577055000
 3481.407064000
 3483.028402000
 3483.386791000
 3484.379724000
 3485.647329000
 3493.778235000
 3498.636931000
 3499.847918000
 3503.737770000


 P=      10.0000 V=    1664.2073 E=    -550.724065340
    0.000000000    0.000000000    0.000000000
   -0.320154000
   -0.236113000
   -0.189834000
  150.859966000
  152.865280000
  155.445943000
  155.947845000
  156.940736000
  165.474179000
  226.558494000
  235.873855000
  242.065873000
  244.244364000
  251.892546000
  254.213591000
  257.112085000
  258.884148000
  261.410728000
  262.909030000
  264.659535000
  266.361068000
  268.627807000
  269.707999000
  270.734970000
  272.089345000
  273.021915000
  274.437487000
  275.287093000
  280.024464000
  286.427509000
  289.596241000
  293.328651000
  302.386256000
  311.413706000
  313.729328000
  320.689614000
  328.175354000
  343.346928000
  363.833056000
  368.997138000
  377.057294000
  379.467562000
  391.322040000
  392.839318000
  403.921209000
  409.655534000
  418.482410000
  423.212999000
  686.842880000
  692.684109000
  706.255545000
  742.224149000
  744.901267000
  750.247152000
  761.937335000
  770.413475000
  772.263297000
  774.325702000
  779.951179000
  784.239137000
  788.349722000
  791.774170000
  798.478061000
  803.027127000
  809.946000000
  813.882282000
  826.228833000
  837.784592000
  840.480996000
  844.232905000
  852.220105000
  858.130446000
  869.845890000
  886.570866000
  899.206484000
  911.229139000
  918.857657000
  929.529471000
  952.766650000
  970.564854000
 1011.573384000
 1026.902871000
 1033.322237000
 1039.996877000
 1046.656456000
 1048.237726000
 1057.286470000
 1063.521300000
 1077.037612000
 1079.222748000
 1085.080683000
 1103.883696000
 1133.344937000
 1147.982057000
 1164.651315000
 1211.524409000
 1596.669104000
 1620.500001000
 1629.875602000
 1642.404249000
 1656.211570000
 1661.503530000
 1676.903738000
 1680.132500000
 1681.049472000
 1684.541091000
 1691.661794000
 1699.211119000
 1704.912325000
 1716.541551000
 1747.593824000
 1781.792694000
 3019.532783000
 3023.458540000
 3061.773114000
 3066.649792000
 3067.400512000
 3071.515291000
 3084.709924000
 3086.169778000
 3086.730780000
 3091.568430000
 3094.058453000
 3094.991851000
 3096.499581000
 3100.284441000
 3122.007969000
 3123.713415000
 3125.162949000
 3126.847873000
 3262.627698000
 3264.599147000
 3266.808162000
 3268.423739000
 3270.390553000
 3281.942241000
 3282.937124000
 3284.092998000
 3289.745430000
 3291.725958000
 3300.312989000
 3304.103022000
 3310.838792000
 3354.172102000


 P=      30.0000 V=    1361.0632 E=    -550.334598170
    0.000000000    0.000000000    0.000000000
   -0.133329000
   -0.109143000
   -0.093817000
  187.370000000
  187.929075000
  191.616411000
  191.703375000
  192.901643000
  200.988810000
  326.034132000
  330.931848000
  336.693046000
  339.560163000
  340.241819000
  341.100244000
  341.549936000
  346.451637000
  348.403371000
  352.863591000
  357.586857000
  359.404703000
  364.285878000
  366.718772000
  369.673626000
  370.647562000
  374.697045000
  381.011476000
  386.114234000
  393.916653000
  396.930049000
  401.023626000
  411.961385000
  420.241190000
  433.005619000
  446.139852000
  455.927089000
  457.416761000
  485.181491000
  510.564970000
  514.990560000
  521.012425000
  530.393419000
  548.595701000
  549.980094000
  566.906167000
  572.540980000
  586.020646000
  589.215515000
  838.730899000
  841.409397000
  851.225436000
  909.650770000
  911.337455000
  919.201702000
  935.391958000
  946.748856000
  948.894752000
  952.335451000
  958.698763000
  961.041430000
  966.051616000
  967.729486000
  972.851689000
  977.257668000
  982.526415000
  988.874269000
  995.268538000
 1014.805740000
 1018.808608000
 1022.431803000
 1031.053912000
 1037.083371000
 1050.611756000
 1063.014311000
 1074.790239000
 1087.076679000
 1096.114463000
 1108.296999000
 1136.627105000
 1157.329889000
 1215.652112000
 1229.344569000
 1234.937084000
 1243.053349000
 1251.661377000
 1255.847998000
 1261.377279000
 1266.727434000
 1278.870924000
 1283.696848000
 1291.364869000
 1308.158424000
 1340.692426000
 1358.628915000
 1382.642150000
 1419.581215000
 1609.716937000
 1641.541787000
 1654.393103000
 1669.138372000
 1686.853890000
 1694.759847000
 1709.528116000
 1711.610141000
 1716.485700000
 1723.302601000
 1728.964262000
 1739.137094000
 1744.840113000
 1761.676085000
 1824.301876000
 1863.696741000
 2595.687249000
 2599.254363000
 2642.554736000
 2644.716978000
 2647.705822000
 2649.902054000
 2666.981223000
 2670.027598000
 2670.385597000
 2672.073811000
 2674.870714000
 2675.385926000
 2676.938363000
 2680.348518000
 2700.430860000
 2700.753505000
 2702.826200000
 2704.244939000
 3035.219763000
 3037.068337000
 3039.366957000
 3042.122577000
 3042.689631000
 3052.590599000
 3084.853571000
 3087.174096000
 3091.982425000
 3099.786249000
 3102.165037000
 3107.295752000
 3111.806595000
 3231.542015000


 P=      50.0000 V=    1214.8840 E=    -549.939789560
    0.000000000    0.000000000    0.000000000
   -0.127090000
   -0.114675000
   -0.093983000
  210.289505000
  210.494792000
  214.461700000
  214.827680000
  215.903212000
  224.442110000
  374.803155000
  377.552764000
  382.833843000
  385.532681000
  386.956756000
  388.456769000
  395.523026000
  403.684399000
  406.392935000
  414.244410000
  419.748434000
  426.601586000
  435.010550000
  435.115342000
  440.057366000
  443.337580000
  445.378186000
  456.922275000
  459.738450000
  468.197489000
  471.534080000
  476.864765000
  490.747593000
  506.058039000
  514.640967000
  545.278747000
  552.510336000
  557.712326000
  585.736207000
  611.407132000
  619.111541000
  620.746996000
  633.623102000
  657.427579000
  659.922194000
  680.052628000
  688.584889000
  702.980243000
  707.251906000
  935.398845000
  938.275305000
  944.170660000
 1016.635102000
 1018.316435000
 1026.492766000
 1052.834154000
 1062.552608000
 1065.668606000
 1068.744579000
 1075.452362000
 1077.159206000
 1081.367571000
 1085.232162000
 1086.257197000
 1092.998513000
 1093.282937000
 1103.098941000
 1111.912208000
 1130.177317000
 1137.991575000
 1141.854445000
 1153.857030000
 1158.247591000
 1170.851741000
 1179.445565000
 1188.950576000
 1200.266377000
 1209.060470000
 1221.945265000
 1253.360895000
 1276.353828000
 1345.321087000
 1360.912327000
 1369.373884000
 1376.401473000
 1384.636956000
 1393.344530000
 1395.700265000
 1400.423914000
 1408.059035000
 1416.011059000
 1424.813572000
 1440.144197000
 1470.449320000
 1489.351955000
 1522.484904000
 1543.827301000
 1627.523436000
 1659.944444000
 1677.203279000
 1687.359764000
 1708.848309000
 1717.847038000
 1730.801204000
 1732.706889000
 1740.626777000
 1748.641291000
 1755.159365000
 1766.990778000
 1771.159417000
 1792.654057000
 1892.162484000
 1926.939923000
 2204.568937000
 2209.842945000
 2246.253724000
 2254.077274000
 2269.033635000
 2269.773345000
 2281.357122000
 2285.033835000
 2289.867681000
 2291.498355000
 2292.335480000
 2296.535726000
 2301.529258000
 2305.737535000
 2320.595386000
 2322.452601000
 2324.905603000
 2327.308377000
 2856.221657000
 2858.273133000
 2860.833360000
 2864.397037000
 2866.604999000
 2873.785363000
 2938.912592000
 2941.186772000
 2948.831692000
 2951.978412000
 2952.669310000
 2961.991897000
 2970.833735000
 3147.090067000


 P=      70.0000 V=    1120.0284 E=    -549.554453630
    0.000000000    0.000000000    0.000000000
   -0.161857000
   -0.152349000
   -0.135066000
  225.331961000
  225.667568000
  228.358113000
  228.548983000
  229.121421000
  234.844960000
  401.827595000
  403.762986000
  411.191753000
  413.687233000
  415.187454000
  418.662756000
  423.443430000
  436.135121000
  442.165660000
  460.279162000
  465.791960000
  476.348103000
  486.137209000
  493.116350000
  495.211692000
  501.987783000
  506.059083000
  517.703564000
  520.921929000
  526.647506000
  530.405411000
  535.657427000
  551.748977000
  572.958116000
  575.826677000
  630.401894000
  631.141038000
  644.527369000
  668.918534000
  690.380510000
  699.995151000
  706.720882000
  715.874894000
  744.214350000
  750.302296000
  774.432307000
  786.485003000
  798.848098000
  806.244364000
 1012.747233000
 1015.020074000
 1017.930571000
 1105.330404000
 1106.043893000
 1111.653990000
 1149.196785000
 1157.182315000
 1160.371550000
 1162.838517000
 1167.472732000
 1168.325484000
 1172.703324000
 1174.424154000
 1176.772867000
 1181.697788000
 1183.073901000
 1187.867586000
 1207.188206000
 1221.737045000
 1230.863178000
 1236.414644000
 1251.384896000
 1253.955933000
 1263.783753000
 1269.007197000
 1277.475440000
 1286.021556000
 1293.549185000
 1306.733310000
 1335.288059000
 1357.511347000
 1431.863017000
 1465.051924000
 1475.911084000
 1480.554058000
 1490.371506000
 1498.362980000
 1502.967196000
 1504.719099000
 1505.884218000
 1518.683430000
 1526.397281000
 1537.431558000
 1554.895945000
 1581.438119000
 1614.125744000
 1635.224709000
 1649.330552000
 1667.841336000
 1689.446660000
 1701.899091000
 1722.503080000
 1729.127140000
 1740.621231000
 1744.298335000
 1753.587775000
 1761.094045000
 1764.160363000
 1773.075372000
 1778.961962000
 1789.781016000
 1805.724317000
 1824.192795000
 1832.502022000
 1856.178728000
 1871.444986000
 1877.773389000
 1884.459703000
 1887.822522000
 1895.335381000
 1903.646055000
 1905.426814000
 1911.009174000
 1914.101667000
 1922.340061000
 1934.257435000
 1936.538819000
 1939.959168000
 1945.213076000
 1961.103650000
 1988.097164000
 2692.615419000
 2695.408663000
 2697.610271000
 2703.133062000
 2705.393862000
 2716.450083000
 2815.138942000
 2816.894878000
 2817.953126000
 2820.033537000
 2824.876154000
 2832.123001000
 2845.151657000
 3076.418665000
 weight
 0.0 0.0 0.0 1.0
