

 #v,#q,#freq,#unit
 6, 1, 144,16
 P=      -1.0000 V=    2282.8815 E=    -550.869854340
    0.000000000    0.000000000    0.000000000
   -0.313538000
   -0.307192000
   -0.215615000
   67.590266000
   78.728104000
   91.205364000
   99.475759000
  102.222703000
  107.500000000
  108.125604000
  111.019433000
  112.916354000
  113.487158000
  116.232177000
  127.835019000
  135.975655000
  136.206328000
  140.709613000
  141.541540000
  144.957489000
  145.396889000
  155.938811000
  157.449665000
  158.813727000
  160.404018000
  162.614200000
  166.236048000
  167.568300000
  171.448824000
  173.698253000
  174.656609000
  176.841538000
  176.999087000
  177.909007000
  178.201542000
  178.994301000
  182.918106000
  188.046599000
  194.701555000
  199.795004000
  201.645217000
  209.209468000
  214.254951000
  214.595093000
  219.659683000
  223.445958000
  227.049994000
  247.863378000
  508.214910000
  520.148209000
  533.204880000
  547.422530000
  550.644447000
  551.990066000
  559.266745000
  562.237195000
  566.671920000
  573.014621000
  576.252157000
  587.130848000
  588.519706000
  595.579235000
  601.124475000
  603.563998000
  609.943256000
  616.339689000
  626.494440000
  631.692561000
  637.690567000
  638.032819000
  642.325527000
  651.795835000
  668.955567000
  676.890241000
  680.007856000
  704.341650000
  707.152357000
  730.387492000
  740.370519000
  767.670005000
  768.131339000
  774.840261000
  787.813309000
  791.692697000
  795.134271000
  814.960648000
  817.946176000
  819.677517000
  828.658068000
  841.383208000
  846.683057000
  861.827594000
  884.968292000
  895.726765000
  906.037292000
  927.483520000
 1599.807495000
 1610.036456000
 1613.388150000
 1615.669992000
 1622.224993000
 1634.631250000
 1636.780418000
 1637.318285000
 1642.523412000
 1642.627746000
 1656.650392000
 1657.211551000
 1663.859323000
 1668.528869000
 1687.270882000
 1699.962713000
 3350.701779000
 3352.661404000
 3383.183294000
 3383.449647000
 3384.990492000
 3385.459930000
 3397.050000000
 3397.657066000
 3399.424786000
 3400.529609000
 3403.209826000
 3403.743555000
 3404.103744000
 3404.980821000
 3452.132838000
 3453.006237000
 3453.692859000
 3453.938059000
 3456.161744000
 3478.707061000
 3481.091605000
 3482.073325000
 3483.660459000
 3485.068783000
 3486.479205000
 3486.664748000
 3487.617829000
 3489.492899000
 3501.423869000
 3501.884836000
 3502.142603000
 3504.099987000


 P=       0.0000 V=    2171.6146 E=    -550.869683810
    0.000000000    0.000000000    0.000000000
   -0.326354000
   -0.305786000
   -0.212057000
   92.425065000
  102.238363000
  105.604225000
  111.642208000
  113.000172000
  114.605320000
  116.573692000
  117.227831000
  119.272246000
  125.393828000
  137.188726000
  148.030217000
  151.522837000
  152.344554000
  156.500442000
  157.605361000
  160.783210000
  161.543204000
  172.211733000
  172.657551000
  174.624807000
  176.228993000
  178.414310000
  182.887088000
  183.944410000
  187.287376000
  187.425665000
  189.653062000
  190.263905000
  191.063527000
  191.360509000
  192.301110000
  192.783635000
  201.433908000
  206.863748000
  214.412674000
  221.716299000
  224.999885000
  232.979570000
  238.254309000
  238.679255000
  242.455677000
  245.955145000
  249.490850000
  272.230388000
  521.876563000
  534.239496000
  545.926380000
  562.747892000
  565.810881000
  570.209525000
  576.555385000
  578.909338000
  586.105019000
  591.407766000
  595.005889000
  605.058533000
  609.500283000
  614.542907000
  618.274768000
  623.386203000
  630.289033000
  635.800025000
  647.106467000
  649.626919000
  658.834477000
  660.317698000
  662.850973000
  671.033017000
  690.699713000
  698.577235000
  702.427994000
  726.938869000
  728.194640000
  754.005644000
  763.415316000
  792.754184000
  794.151689000
  798.784741000
  813.401223000
  819.208545000
  822.018907000
  842.358437000
  845.670694000
  847.204905000
  856.050539000
  869.838198000
  873.355570000
  891.454683000
  915.556606000
  926.326570000
  937.754648000
  961.470552000
 1599.844377000
 1610.709986000
 1614.560230000
 1617.123299000
 1623.150637000
 1636.917909000
 1639.704092000
 1639.891098000
 1644.877322000
 1645.250456000
 1660.304290000
 1661.340200000
 1667.887887000
 1672.879796000
 1694.069337000
 1707.761368000
 3325.432756000
 3327.739009000
 3359.848230000
 3360.278028000
 3361.431048000
 3361.964912000
 3376.915890000
 3378.003871000
 3378.621241000
 3379.143968000
 3380.797004000
 3381.234044000
 3381.557128000
 3382.644922000
 3426.115049000
 3427.003569000
 3427.838998000
 3428.653164000
 3445.208357000
 3464.598512000
 3465.296073000
 3465.903712000
 3466.335525000
 3467.265175000
 3467.968764000
 3471.584307000
 3473.072725000
 3473.936758000
 3485.275190000
 3485.886415000
 3486.982722000
 3488.844456000


 P=      10.0000 V=    1664.3494 E=    -550.725103550
    0.000000000    0.000000000    0.000000000
   -0.175998000
   -0.175766000
   -0.158948000
  149.833298000
  154.841141000
  155.002111000
  155.337557000
  157.255486000
  159.298744000
  225.635166000
  235.267971000
  238.297526000
  251.845098000
  252.299108000
  253.865848000
  256.224893000
  257.732313000
  260.839544000
  264.309010000
  265.971043000
  268.740744000
  269.218525000
  269.857791000
  270.887326000
  272.373684000
  273.005938000
  274.168352000
  279.267662000
  280.109714000
  282.979583000
  292.255941000
  295.470750000
  297.081992000
  305.917622000
  309.629066000
  315.797192000
  335.108544000
  342.890821000
  348.066512000
  368.966116000
  380.087783000
  389.746541000
  392.193451000
  399.926611000
  403.505263000
  403.815363000
  405.669781000
  438.829627000
  685.148768000
  694.129722000
  703.162440000
  738.113540000
  740.157770000
  749.247075000
  758.283522000
  767.152826000
  774.568577000
  777.089715000
  779.511484000
  788.967185000
  792.642302000
  794.697607000
  795.879935000
  807.257998000
  815.572183000
  818.000985000
  830.692817000
  833.140692000
  843.259144000
  844.922524000
  847.196717000
  854.062548000
  873.640975000
  884.246565000
  899.243288000
  917.423449000
  918.772048000
  945.272699000
  960.704375000
  996.144378000
 1001.433853000
 1004.079206000
 1022.681743000
 1029.304774000
 1033.392235000
 1048.856693000
 1059.860968000
 1065.205105000
 1075.273198000
 1086.377669000
 1086.975617000
 1113.008576000
 1135.105397000
 1153.737750000
 1164.914899000
 1190.634279000
 1616.623382000
 1633.107875000
 1638.420693000
 1641.315111000
 1646.787664000
 1667.102929000
 1670.179903000
 1672.914352000
 1676.098269000
 1677.212660000
 1696.914977000
 1701.406102000
 1706.558936000
 1716.243322000
 1756.634916000
 1775.656793000
 3021.359813000
 3025.203543000
 3062.748000000
 3067.395736000
 3067.502500000
 3071.781150000
 3085.564594000
 3085.607065000
 3087.777704000
 3090.902605000
 3094.310326000
 3097.453529000
 3099.882312000
 3101.516747000
 3123.897889000
 3124.935428000
 3125.744300000
 3126.768977000
 3261.550986000
 3264.732202000
 3269.098808000
 3270.092466000
 3271.895261000
 3274.886638000
 3285.307642000
 3288.508532000
 3291.272150000
 3299.308686000
 3301.730345000
 3303.138062000
 3308.455706000
 3356.257240000


 P=      30.0000 V=    1362.0051 E=    -550.337281670
    0.000000000    0.000000000    0.000000000
   -0.085586000
   -0.083292000
   -0.077608000
  187.266018000
  189.336996000
  190.760076000
  190.939613000
  191.569511000
  193.993523000
  333.152289000
  336.632015000
  336.762615000
  339.070911000
  341.989513000
  342.452717000
  342.702888000
  345.880316000
  349.253726000
  349.792537000
  352.061014000
  358.718011000
  364.455365000
  365.907659000
  367.510240000
  370.644732000
  375.258880000
  382.585031000
  382.864588000
  390.519332000
  395.820849000
  402.959757000
  405.479155000
  419.463219000
  428.395204000
  437.825884000
  449.669393000
  474.561837000
  479.890362000
  485.112151000
  514.509797000
  530.773529000
  536.556496000
  550.657914000
  558.922795000
  565.769654000
  568.264101000
  569.270506000
  607.306693000
  834.799417000
  840.303479000
  845.344267000
  903.434665000
  906.610138000
  910.538514000
  939.891661000
  945.524560000
  948.606801000
  952.240457000
  955.578843000
  960.401658000
  963.494828000
  965.388164000
  971.179132000
  979.545310000
  989.268676000
  992.803424000
  994.728895000
 1007.696523000
 1015.154510000
 1017.578098000
 1024.859686000
 1041.766694000
 1045.704221000
 1058.913343000
 1083.378135000
 1088.218112000
 1091.995767000
 1119.224786000
 1141.271227000
 1171.107122000
 1196.723473000
 1200.842121000
 1219.794128000
 1224.957848000
 1234.995167000
 1247.048195000
 1261.905242000
 1267.867000000
 1276.313690000
 1288.845020000
 1289.745053000
 1318.302757000
 1336.461970000
 1360.916548000
 1377.155531000
 1395.395361000
 1638.171774000
 1659.851597000
 1668.434195000
 1668.582069000
 1671.846373000
 1699.674515000
 1705.436935000
 1706.658441000
 1709.170760000
 1712.063837000
 1732.329838000
 1743.559718000
 1743.891796000
 1760.012332000
 1832.940855000
 1855.340493000
 2602.489095000
 2608.157846000
 2648.625040000
 2650.429440000
 2657.140421000
 2658.743256000
 2673.305491000
 2673.943861000
 2677.273842000
 2678.369112000
 2686.344789000
 2687.024623000
 2689.094285000
 2689.929565000
 2708.326821000
 2709.890925000
 2711.572661000
 2712.618175000
 3040.117278000
 3041.025615000
 3046.279592000
 3049.004175000
 3049.697079000
 3056.305207000
 3092.441889000
 3096.161668000
 3101.467301000
 3105.013256000
 3105.671851000
 3113.166415000
 3114.342927000
 3237.545304000


 P=      50.0000 V=    1214.6852 E=    -549.940074990
    0.000000000    0.000000000    0.000000000
   -0.150050000
   -0.136819000
   -0.121105000
  210.963948000
  211.630922000
  213.800088000
  214.235568000
  214.525593000
  216.314626000
  384.054517000
  384.461328000
  385.321603000
  385.554321000
  388.942076000
  391.066477000
  396.188575000
  399.574604000
  408.600585000
  413.446035000
  421.647342000
  426.589097000
  432.731849000
  435.021687000
  440.121617000
  440.360359000
  444.592567000
  456.814322000
  457.370033000
  463.572763000
  470.998998000
  473.619104000
  480.967584000
  505.240748000
  519.370835000
  534.997093000
  552.309122000
  575.156597000
  578.829275000
  585.004188000
  615.153826000
  636.038087000
  639.811114000
  660.927643000
  673.016158000
  679.857199000
  685.445491000
  686.848682000
  725.508532000
  936.889874000
  940.496355000
  943.378787000
 1017.194948000
 1020.826480000
 1022.045024000
 1063.552413000
 1065.750214000
 1068.907316000
 1075.487335000
 1076.924506000
 1079.261275000
 1080.706547000
 1082.885590000
 1090.858860000
 1095.486730000
 1103.089258000
 1106.178403000
 1117.636539000
 1127.236891000
 1134.322914000
 1139.967863000
 1152.012886000
 1164.618420000
 1169.954963000
 1182.883869000
 1202.088584000
 1206.344740000
 1206.436957000
 1232.935177000
 1260.959554000
 1282.046414000
 1316.729155000
 1340.309855000
 1356.602369000
 1360.041486000
 1374.515155000
 1383.802109000
 1398.687737000
 1405.859095000
 1410.632791000
 1423.102270000
 1427.617727000
 1450.341181000
 1465.757002000
 1498.462839000
 1518.539588000
 1519.322623000
 1659.780511000
 1681.547249000
 1690.208692000
 1691.309228000
 1693.437120000
 1722.916907000
 1728.815738000
 1731.230590000
 1734.480197000
 1737.144455000
 1756.635736000
 1767.015814000
 1775.592589000
 1790.262983000
 1900.236316000
 1921.186094000
 2197.807749000
 2207.697610000
 2250.571962000
 2252.263563000
 2260.201873000
 2263.260998000
 2276.188071000
 2277.171554000
 2284.121211000
 2287.308442000
 2295.445116000
 2297.797077000
 2300.901605000
 2305.736055000
 2316.465881000
 2317.106942000
 2320.647025000
 2325.493039000
 2851.129110000
 2854.412959000
 2862.371571000
 2864.467835000
 2865.662035000
 2870.982065000
 2937.180034000
 2943.276139000
 2947.589695000
 2952.043979000
 2952.367653000
 2959.412600000
 2963.900394000
 3146.843854000


 P=      70.0000 V=    1118.8597 E=    -549.549173310
    0.000000000    0.000000000    0.000000000
   -0.145481000
   -0.133261000
   -0.098431000
  227.347406000
  227.768755000
  229.109449000
  229.895692000
  230.495519000
  231.055259000
  410.042760000
  411.496296000
  412.387500000
  415.096502000
  416.722096000
  420.787495000
  425.971177000
  431.213410000
  442.171461000
  461.817741000
  471.397188000
  478.994940000
  485.358210000
  485.384141000
  493.244412000
  496.682385000
  497.764417000
  510.480838000
  516.976095000
  519.501330000
  526.749084000
  530.193345000
  541.715317000
  571.837355000
  590.294126000
  618.901439000
  640.961442000
  657.908988000
  659.704811000
  670.235197000
  696.277509000
  722.507653000
  723.266962000
  749.572301000
  768.724939000
  775.275721000
  783.314471000
  783.566525000
  822.858751000
 1018.363807000
 1020.242160000
 1021.651524000
 1109.000927000
 1111.326980000
 1112.512000000
 1162.589683000
 1162.736227000
 1168.322264000
 1170.209359000
 1172.756628000
 1173.908018000
 1177.948428000
 1179.270256000
 1183.920871000
 1185.758931000
 1191.326788000
 1193.395260000
 1214.440557000
 1225.680338000
 1232.051164000
 1237.986687000
 1253.710680000
 1260.030244000
 1269.061594000
 1283.035333000
 1290.243905000
 1291.345669000
 1300.898335000
 1315.296365000
 1348.377365000
 1358.448053000
 1396.165421000
 1453.883970000
 1469.955686000
 1471.956786000
 1486.041442000
 1492.948601000
 1506.372228000
 1513.381560000
 1514.856389000
 1526.014561000
 1533.903132000
 1544.579712000
 1562.300388000
 1596.988308000
 1603.096665000
 1623.501340000
 1682.048842000
 1690.040169000
 1690.579456000
 1706.657929000
 1709.137059000
 1729.775397000
 1740.193477000
 1743.260869000
 1744.057977000
 1745.179532000
 1756.705902000
 1767.727735000
 1776.884727000
 1784.171804000
 1791.172627000
 1796.249255000
 1825.911050000
 1828.512101000
 1833.389482000
 1839.366385000
 1852.343831000
 1863.028469000
 1865.243471000
 1879.166261000
 1886.012045000
 1887.903730000
 1895.458524000
 1905.910728000
 1909.146931000
 1909.743958000
 1914.836863000
 1918.795576000
 1968.465282000
 1984.990813000
 2672.646698000
 2673.961454000
 2685.571827000
 2694.598184000
 2696.586170000
 2697.872649000
 2796.491410000
 2799.086055000
 2810.514821000
 2813.824218000
 2817.529894000
 2819.237048000
 2826.335317000
 3066.019061000
 weight
 0.0 0.0 0.0 1.0
