

 #v,#q,#freq,#unit
 6, 1, 144,16
 P=      -1.0000 V=    2287.6588 E=    -550.869864550
    0.000000000    0.000000000    0.000000000
   -0.432465000
   -0.302616000
   -0.284597000
   71.684954000
   71.751736000
   79.586303000
   93.409494000
  105.108956000
  105.158997000
  106.964718000
  111.223603000
  111.246540000
  115.066083000
  115.323338000
  124.664217000
  132.102588000
  133.342993000
  139.920423000
  144.581240000
  144.700691000
  155.180903000
  155.319442000
  155.471237000
  155.803248000
  158.758509000
  159.901348000
  161.492196000
  165.701365000
  165.802872000
  174.005225000
  177.286877000
  177.326188000
  177.359346000
  179.057464000
  179.097091000
  179.819211000
  184.549341000
  184.612193000
  193.264038000
  200.972836000
  201.018820000
  204.963112000
  206.752359000
  213.926837000
  214.107577000
  225.845667000
  229.400644000
  250.942770000
  495.248620000
  532.104767000
  532.188901000
  541.683543000
  546.255050000
  546.494195000
  555.842047000
  562.076779000
  571.466232000
  572.503372000
  572.617860000
  588.602168000
  593.674119000
  593.959001000
  604.056414000
  611.421192000
  612.259309000
  612.427926000
  616.778776000
  626.329806000
  633.599426000
  633.773266000
  654.069828000
  654.180283000
  657.619448000
  677.912143000
  688.786589000
  689.175016000
  691.508865000
  712.804004000
  712.995539000
  730.459377000
  746.530419000
  782.868476000
  785.535723000
  785.819620000
  806.990975000
  807.079472000
  838.588227000
  838.663119000
  847.881469000
  848.683909000
  849.144544000
  869.016526000
  871.906708000
  881.856459000
  927.626640000
  944.103073000
 1589.921174000
 1591.437036000
 1625.770989000
 1625.976873000
 1627.835748000
 1627.960792000
 1639.104456000
 1639.116159000
 1642.108760000
 1642.715291000
 1649.260088000
 1649.355588000
 1662.137673000
 1662.217029000
 1671.436173000
 1715.158404000
 3351.914269000
 3354.528665000
 3383.944132000
 3385.735854000
 3386.271893000
 3386.718987000
 3387.240955000
 3391.487410000
 3396.716273000
 3396.986608000
 3409.703911000
 3410.115362000
 3435.176354000
 3435.426271000
 3453.976999000
 3455.625113000
 3455.830553000
 3455.910724000
 3456.118824000
 3458.299593000
 3458.912044000
 3480.921078000
 3483.097626000
 3483.215244000
 3493.648868000
 3493.823738000
 3499.995262000
 3502.527054000
 3504.291206000
 3504.762954000
 3506.705126000
 3510.903018000


 P=       0.0000 V=    2178.4538 E=    -550.870021980
    0.000000000    0.000000000    0.000000000
   -0.418747000
   -0.345469000
   -0.343261000
   94.678717000
   94.782175000
  100.373345000
  101.864238000
  110.544752000
  110.588845000
  112.027030000
  116.561336000
  116.594926000
  135.565275000
  135.921433000
  143.303122000
  148.287540000
  150.076377000
  155.940673000
  159.712780000
  159.887835000
  170.134170000
  171.706467000
  171.981643000
  172.156436000
  173.489331000
  175.293677000
  175.766138000
  182.306949000
  182.447528000
  185.613119000
  190.730043000
  190.804525000
  190.922453000
  191.051800000
  191.411724000
  197.732625000
  201.099577000
  201.202898000
  212.734185000
  223.270493000
  223.388700000
  224.773147000
  228.969373000
  238.032289000
  238.226815000
  250.010119000
  250.389545000
  275.151129000
  505.934239000
  540.764881000
  545.836303000
  554.233715000
  561.023272000
  561.479270000
  569.170371000
  576.736069000
  587.876331000
  588.440118000
  588.666206000
  603.836618000
  611.013714000
  611.352515000
  621.424785000
  628.382311000
  629.774067000
  629.964298000
  640.550714000
  642.311653000
  651.265934000
  651.560223000
  673.436533000
  673.596777000
  675.976238000
  698.349234000
  708.894544000
  709.446016000
  713.556841000
  733.621796000
  733.862985000
  750.934801000
  765.795834000
  807.348019000
  807.999453000
  808.447750000
  831.412090000
  831.591455000
  863.381452000
  863.609030000
  873.979866000
  874.685214000
  876.342237000
  895.927622000
  899.736163000
  907.805774000
  957.469009000
  973.841454000
 1589.347530000
 1591.143809000
 1627.630757000
 1627.850085000
 1629.999436000
 1630.132546000
 1641.776054000
 1641.822162000
 1645.093320000
 1646.062479000
 1652.605599000
 1652.800316000
 1666.575478000
 1666.690724000
 1676.802962000
 1724.344094000
 3329.809492000
 3332.624778000
 3365.337370000
 3365.695945000
 3366.057664000
 3367.200403000
 3368.158479000
 3369.699855000
 3377.933770000
 3378.791975000
 3391.886695000
 3392.918388000
 3425.378793000
 3425.527619000
 3432.669562000
 3432.999573000
 3433.099487000
 3433.550035000
 3433.835454000
 3436.453524000
 3449.440064000
 3469.283127000
 3469.823800000
 3476.803316000
 3478.209258000
 3478.766018000
 3487.862972000
 3488.457307000
 3491.732490000
 3492.483913000
 3496.122881000
 3497.414092000


 P=      10.0000 V=    1664.3746 E=    -550.725187960
    0.000000000    0.000000000    0.000000000
   -0.227495000
   -0.216632000
   -0.142002000
  148.214979000
  151.814616000
  151.985240000
  155.189665000
  155.258916000
  157.096294000
  228.043021000
  228.875455000
  235.015730000
  245.965066000
  250.635384000
  258.235714000
  258.580253000
  263.230854000
  266.025146000
  266.610778000
  267.243663000
  268.718169000
  270.035498000
  270.503005000
  272.792977000
  274.127356000
  274.217696000
  277.146560000
  279.352910000
  282.601002000
  288.428006000
  291.139070000
  291.583251000
  295.219688000
  301.996320000
  302.406591000
  323.913259000
  324.213590000
  337.206827000
  349.666206000
  366.257341000
  379.002424000
  379.374861000
  387.027703000
  405.966327000
  406.223518000
  408.161888000
  408.774182000
  444.341054000
  673.272284000
  702.199121000
  706.753749000
  731.057177000
  747.701657000
  751.574476000
  756.299747000
  756.856062000
  776.764016000
  776.812588000
  782.658018000
  790.762671000
  802.359410000
  802.900361000
  803.531525000
  815.895337000
  816.477445000
  818.890451000
  821.746198000
  839.275993000
  839.565855000
  854.482129000
  856.337989000
  863.560275000
  863.887733000
  873.961455000
  906.372515000
  907.150108000
  929.405886000
  930.328856000
  938.305855000
  954.693744000
  956.007182000
 1023.125989000
 1024.100287000
 1024.666380000
 1044.711925000
 1045.295427000
 1084.239175000
 1084.765916000
 1089.453834000
 1093.360621000
 1093.554344000
 1129.511322000
 1138.224987000
 1144.421261000
 1190.606466000
 1202.614661000
 1601.513147000
 1606.268530000
 1651.310599000
 1655.626748000
 1656.042707000
 1673.109502000
 1673.244887000
 1673.510979000
 1675.520081000
 1682.369311000
 1689.658002000
 1689.815456000
 1706.234661000
 1706.364264000
 1724.972876000
 1797.007178000
 3022.425797000
 3026.141880000
 3063.558400000
 3065.889898000
 3067.249409000
 3069.417976000
 3070.465474000
 3075.631200000
 3085.803103000
 3088.345763000
 3099.026529000
 3100.724691000
 3122.751090000
 3123.509380000
 3123.963141000
 3124.836694000
 3125.256823000
 3128.982452000
 3243.927279000
 3244.372855000
 3270.955115000
 3272.007302000
 3279.794721000
 3280.338205000
 3282.241085000
 3282.433111000
 3293.434981000
 3301.448341000
 3302.782987000
 3309.316396000
 3314.656718000
 3356.877917000


 P=      30.0000 V=    1361.4715 E=    -550.336199980
    0.000000000    0.000000000    0.000000000
   -0.121245000
   -0.107035000
   -0.091401000
  187.510992000
  187.523158000
  188.246190000
  189.793457000
  189.823765000
  194.181134000
  334.777353000
  336.352159000
  336.402965000
  337.464171000
  344.737743000
  344.766022000
  344.931712000
  346.076984000
  349.766064000
  349.785889000
  353.382495000
  360.554167000
  364.438623000
  364.459869000
  369.330726000
  374.768342000
  374.838399000
  379.883468000
  381.222892000
  389.711236000
  400.315288000
  414.684807000
  414.779006000
  424.209342000
  424.263762000
  430.414771000
  450.257116000
  450.322276000
  476.612442000
  480.181146000
  511.823015000
  531.049154000
  531.082429000
  543.511666000
  568.976443000
  569.227829000
  573.308107000
  573.358412000
  614.758056000
  827.041953000
  845.679188000
  850.931648000
  901.445697000
  910.543219000
  914.550858000
  939.609705000
  939.702458000
  954.101796000
  954.404262000
  960.401401000
  965.907355000
  967.599855000
  977.225034000
  977.360897000
  985.055853000
  985.154688000
  987.907973000
 1010.399134000
 1017.061182000
 1017.179740000
 1022.000949000
 1037.937424000
 1038.042163000
 1040.185722000
 1054.252327000
 1087.120489000
 1087.246296000
 1104.895765000
 1104.931516000
 1122.277137000
 1132.487779000
 1155.379754000
 1221.024704000
 1224.879082000
 1224.908760000
 1244.844283000
 1244.940150000
 1281.912290000
 1286.146717000
 1286.176864000
 1295.016013000
 1295.120855000
 1337.961444000
 1351.770261000
 1357.386031000
 1383.890659000
 1411.247141000
 1618.515957000
 1625.580327000
 1674.110679000
 1683.632584000
 1683.675700000
 1703.513860000
 1706.388964000
 1706.571090000
 1726.058261000
 1726.810656000
 1726.876050000
 1738.819664000
 1744.334385000
 1744.430439000
 1791.057796000
 1878.492443000
 2600.055366000
 2605.618080000
 2647.705732000
 2649.798171000
 2650.712573000
 2651.410738000
 2653.842101000
 2657.630043000
 2673.363948000
 2673.693137000
 2680.688365000
 2682.068995000
 2704.316329000
 2705.558009000
 2705.744421000
 2705.772592000
 2706.862381000
 2708.327960000
 3028.930004000
 3029.109401000
 3048.172053000
 3048.687922000
 3053.552143000
 3054.133734000
 3081.131370000
 3081.245675000
 3102.551371000
 3102.671565000
 3108.582455000
 3112.879534000
 3118.757416000
 3235.419497000


 P=      50.0000 V=    1214.4903 E=    -549.939329020
    0.000000000    0.000000000    0.000000000
   -0.124257000
   -0.108308000
   -0.106322000
  210.101117000
  210.127241000
  212.273858000
  212.303101000
  212.775117000
  216.185705000
  383.135199000
  384.777626000
  385.324356000
  385.369776000
  390.747323000
  390.791198000
  392.711087000
  401.623054000
  414.255476000
  415.633691000
  415.680647000
  433.621984000
  434.145916000
  434.171456000
  434.396671000
  446.922945000
  446.996593000
  448.250744000
  452.384561000
  458.043525000
  477.954355000
  493.142047000
  493.164514000
  516.527172000
  516.617707000
  521.966723000
  546.104713000
  546.125337000
  559.465542000
  586.302263000
  621.814231000
  635.379271000
  635.578668000
  653.712244000
  682.276144000
  688.299364000
  691.642293000
  691.772548000
  734.383989000
  931.153467000
  945.199654000
  945.667154000
 1015.693770000
 1021.573043000
 1026.997761000
 1064.009398000
 1064.065426000
 1073.898630000
 1075.186277000
 1075.347484000
 1080.111686000
 1092.768595000
 1092.802936000
 1093.618865000
 1099.262997000
 1099.291584000
 1102.523209000
 1126.661660000
 1139.691963000
 1139.773852000
 1144.289786000
 1156.414636000
 1156.465540000
 1166.533193000
 1188.509782000
 1206.068216000
 1206.102536000
 1218.926112000
 1218.994086000
 1229.208373000
 1250.124231000
 1300.444637000
 1341.252585000
 1362.870884000
 1362.910949000
 1382.014289000
 1382.065727000
 1404.943413000
 1422.094026000
 1422.208474000
 1430.969973000
 1431.039186000
 1475.346516000
 1489.660817000
 1494.222002000
 1496.639861000
 1552.668461000
 1639.326026000
 1642.915494000
 1686.575737000
 1702.696719000
 1702.750633000
 1722.870052000
 1728.910671000
 1728.960874000
 1751.173398000
 1751.216881000
 1761.683983000
 1767.689200000
 1767.720731000
 1782.735514000
 1866.557902000
 1939.471660000
 2193.155426000
 2205.798999000
 2231.396121000
 2234.511389000
 2254.278865000
 2256.054122000
 2279.997899000
 2281.413989000
 2282.687679000
 2287.052380000
 2287.591716000
 2288.580664000
 2312.044906000
 2315.674834000
 2315.916326000
 2317.240384000
 2322.787012000
 2327.775711000
 2850.070998000
 2850.200171000
 2851.143641000
 2864.044737000
 2864.581009000
 2881.367609000
 2932.780856000
 2932.880953000
 2945.612571000
 2949.155767000
 2949.299169000
 2958.453538000
 2978.793348000
 3146.218583000


 P=      70.0000 V=    1119.0667 E=    -549.550157190
    0.000000000    0.000000000    0.000000000
   -0.197889000
   -0.139953000
   -0.131461000
  225.957314000
  225.970191000
  228.059140000
  228.078262000
  229.317588000
  231.022517000
  411.857132000
  411.881553000
  412.020837000
  412.535677000
  420.085376000
  420.088581000
  425.593355000
  435.443701000
  447.633340000
  466.622380000
  466.646005000
  484.501242000
  485.929431000
  487.023999000
  487.056474000
  494.611595000
  501.885425000
  501.893853000
  508.459619000
  510.503033000
  535.338420000
  555.147614000
  555.164880000
  589.857468000
  589.870410000
  593.297078000
  617.358100000
  631.193902000
  631.205780000
  679.041934000
  715.133704000
  716.718706000
  716.749140000
  746.945326000
  777.376934000
  787.648408000
  789.194582000
  789.209055000
  831.597658000
 1013.324599000
 1021.690872000
 1022.479773000
 1106.682561000
 1110.493426000
 1114.703020000
 1161.901019000
 1161.942447000
 1165.465214000
 1170.872812000
 1170.905456000
 1172.526755000
 1181.966861000
 1182.000945000
 1189.249294000
 1189.562768000
 1189.591636000
 1195.820697000
 1204.641551000
 1238.314069000
 1238.339191000
 1250.311083000
 1250.324045000
 1250.423082000
 1269.523096000
 1291.764205000
 1297.353803000
 1297.382639000
 1305.957177000
 1305.978511000
 1306.034743000
 1332.394009000
 1409.312733000
 1423.099004000
 1474.207440000
 1474.239239000
 1491.240526000
 1491.294421000
 1506.342964000
 1525.982834000
 1526.007526000
 1535.980035000
 1535.980233000
 1570.412649000
 1573.087696000
 1592.112780000
 1594.661095000
 1635.983934000
 1653.923085000
 1676.821054000
 1682.491450000
 1713.617126000
 1713.628693000
 1733.616117000
 1738.715404000
 1738.722794000
 1753.713095000
 1764.114611000
 1764.152932000
 1774.082502000
 1777.304523000
 1779.602740000
 1779.629091000
 1800.271139000
 1825.673413000
 1833.481812000
 1833.630334000
 1852.605178000
 1856.263300000
 1857.627447000
 1858.594782000
 1879.538450000
 1888.553638000
 1888.999949000
 1903.320337000
 1913.794034000
 1914.024167000
 1918.623246000
 1923.971045000
 1937.391463000
 1945.252580000
 2000.297755000
 2677.338812000
 2682.437200000
 2682.543650000
 2692.459403000
 2692.620831000
 2708.906951000
 2802.488305000
 2802.592625000
 2806.743381000
 2813.388942000
 2813.622483000
 2814.459496000
 2844.686504000
 3068.142435000
 weight
 0.0 0.0 0.0 1.0
