

 #v,#q,#freq,#unit
 6, 1, 144,16
 P=      -1.0000 V=    2277.2797 E=    -550.875953230
    0.000000000    0.000000000    0.000000000
   -0.412706000
   -0.337788000
   -0.261062000
   84.140698000
   84.376592000
   84.604992000
   84.646597000
  114.278512000
  123.930878000
  123.960262000
  123.990381000
  124.031340000
  126.043275000
  126.663718000
  131.421624000
  133.206861000
  146.203987000
  148.011733000
  154.761683000
  158.669121000
  159.080796000
  159.106648000
  159.121653000
  159.158884000
  161.340385000
  161.624400000
  164.194380000
  164.292269000
  164.369409000
  164.386261000
  164.913739000
  168.547877000
  169.688162000
  171.593116000
  180.608807000
  180.685106000
  180.702389000
  180.765655000
  200.121186000
  208.220999000
  209.616759000
  209.654317000
  209.829052000
  209.898219000
  210.441549000
  224.941526000
  231.272655000
  235.737000000
  523.546586000
  525.605898000
  541.876470000
  553.402593000
  557.973793000
  562.823732000
  563.104466000
  563.406448000
  563.592476000
  566.185181000
  567.662554000
  567.937857000
  590.811564000
  591.073730000
  591.156140000
  591.459274000
  592.227563000
  617.107110000
  617.584349000
  637.911358000
  640.833651000
  640.924860000
  641.340442000
  641.865365000
  650.480866000
  673.878495000
  687.225195000
  699.447027000
  699.985963000
  700.257700000
  700.945251000
  710.924452000
  765.269968000
  802.674823000
  814.012554000
  825.551163000
  825.881591000
  826.196591000
  826.273265000
  847.312535000
  847.653553000
  847.802356000
  847.882473000
  862.153396000
  901.369110000
  914.384427000
  921.374636000
  989.425215000
 1576.169662000
 1584.430800000
 1584.715247000
 1616.027658000
 1625.532883000
 1625.569248000
 1625.639935000
 1625.794949000
 1654.036985000
 1654.058636000
 1654.075988000
 1654.203744000
 1654.313153000
 1658.503318000
 1686.661071000
 1695.538694000
 3343.542541000
 3346.618364000
 3361.920383000
 3365.681730000
 3393.351521000
 3393.461639000
 3393.591254000
 3393.842475000
 3395.333724000
 3396.525486000
 3396.649963000
 3396.906587000
 3397.234374000
 3398.922964000
 3434.863214000
 3442.651877000
 3456.296546000
 3458.944784000
 3472.989794000
 3485.037182000
 3485.471964000
 3486.316136000
 3486.875251000
 3487.179776000
 3487.880632000
 3490.081144000
 3491.138408000
 3491.354001000
 3491.763247000
 3496.554045000
 3509.489670000
 3517.097040000


 P=       0.0000 V=    2178.0537 E=    -550.875979100
    0.000000000    0.000000000    0.000000000
   -0.430323000
   -0.355904000
   -0.287969000
  103.142295000
  103.397560000
  103.478234000
  103.581726000
  128.656567000
  128.678185000
  128.715267000
  128.739287000
  133.432762000
  135.218060000
  138.729422000
  141.544534000
  142.603659000
  159.905730000
  159.985313000
  167.224366000
  171.818078000
  173.170459000
  173.174938000
  173.206029000
  173.221627000
  175.874066000
  176.646041000
  177.397438000
  177.512380000
  177.534912000
  177.611146000
  178.928847000
  180.137056000
  183.386588000
  185.783766000
  195.182087000
  195.232277000
  195.282203000
  195.341468000
  217.456352000
  225.965271000
  230.864573000
  230.880288000
  231.075017000
  231.176014000
  235.663338000
  245.864173000
  253.251188000
  255.106662000
  530.092535000
  536.265239000
  547.443207000
  557.671278000
  569.486056000
  573.796408000
  573.960921000
  574.111330000
  574.176196000
  575.932189000
  576.527073000
  580.066251000
  602.232510000
  602.273753000
  602.553928000
  602.822513000
  608.365720000
  628.883417000
  630.854806000
  652.348594000
  655.087589000
  655.236905000
  655.574262000
  655.780162000
  661.300638000
  684.594914000
  704.022449000
  718.548537000
  718.621533000
  718.824084000
  719.116014000
  731.112672000
  784.699181000
  823.032563000
  838.670029000
  843.846083000
  844.051445000
  844.403094000
  844.501573000
  867.595496000
  867.746501000
  867.946609000
  868.047337000
  881.151373000
  926.968351000
  938.666669000
  942.782042000
 1015.350499000
 1574.469346000
 1583.468567000
 1583.803633000
 1616.494764000
 1627.574627000
 1627.623327000
 1627.687945000
 1627.737527000
 1657.168634000
 1657.207015000
 1657.305027000
 1657.369868000
 1657.492132000
 1661.905203000
 1692.585729000
 1703.141070000
 3329.934755000
 3333.167285000
 3351.928469000
 3355.385731000
 3380.259609000
 3382.983473000
 3383.105591000
 3383.428114000
 3383.478870000
 3383.970249000
 3386.255704000
 3386.426329000
 3386.652841000
 3386.828881000
 3428.407152000
 3431.277880000
 3437.726620000
 3440.663436000
 3460.760201000
 3474.594048000
 3474.793748000
 3475.306030000
 3475.429331000
 3480.011302000
 3480.268731000
 3480.742040000
 3480.890294000
 3480.937003000
 3481.132641000
 3490.183264000
 3497.963677000
 3507.307716000


 P=      10.0000 V=    1665.3510 E=    -550.731145780
    0.000000000    0.000000000    0.000000000
   -0.250565000
   -0.195094000
   -0.166294000
  166.652901000
  166.709546000
  166.738773000
  166.799583000
  174.412593000
  177.961056000
  227.545422000
  228.019162000
  228.314558000
  228.433788000
  244.718038000
  250.998074000
  255.542444000
  261.304744000
  261.566762000
  261.615145000
  261.799396000
  262.141417000
  264.617324000
  267.137935000
  274.717608000
  276.268297000
  286.536673000
  289.734835000
  291.545539000
  292.514623000
  292.801993000
  292.962068000
  293.169832000
  293.862755000
  309.356602000
  311.320563000
  311.517627000
  311.581357000
  312.083553000
  352.373818000
  362.977754000
  390.540285000
  390.658021000
  390.826142000
  391.255506000
  409.446642000
  409.590725000
  411.241101000
  413.694414000
  700.978254000
  708.797993000
  710.827841000
  714.526279000
  724.950657000
  749.959211000
  754.287177000
  757.026591000
  762.072085000
  762.512236000
  762.743992000
  762.940366000
  784.895823000
  785.080688000
  785.530379000
  785.843420000
  800.190002000
  824.774187000
  829.450880000
  834.806350000
  839.394740000
  839.669655000
  839.967195000
  840.725385000
  845.564561000
  861.753075000
  926.121032000
  926.401822000
  926.775356000
  927.667900000
  927.846263000
  939.075238000
  996.712382000
 1039.560496000
 1049.128686000
 1049.812345000
 1050.023702000
 1050.746325000
 1061.073168000
 1087.236590000
 1087.937965000
 1088.114258000
 1088.670309000
 1118.406793000
 1152.051680000
 1162.847901000
 1173.836645000
 1261.696582000
 1580.777252000
 1582.551871000
 1587.362180000
 1636.271866000
 1651.986551000
 1652.135187000
 1652.277284000
 1652.560104000
 1690.955977000
 1692.173462000
 1692.178859000
 1692.337469000
 1692.579628000
 1704.741633000
 1747.839805000
 1771.139017000
 3024.102508000
 3028.617521000
 3052.605027000
 3057.174996000
 3091.223223000
 3092.971859000
 3095.883241000
 3096.478819000
 3097.088067000
 3097.392663000
 3099.020862000
 3099.841994000
 3100.387294000
 3102.012757000
 3129.839091000
 3132.359720000
 3133.439360000
 3138.023537000
 3270.143280000
 3271.551291000
 3272.266498000
 3273.277263000
 3273.872877000
 3291.303387000
 3292.474446000
 3293.169191000
 3294.446269000
 3296.626784000
 3302.822953000
 3304.563801000
 3329.099148000
 3357.652043000


 P=      30.0000 V=    1361.8471 E=    -550.340627560
    0.000000000    0.000000000    0.000000000
   -0.141806000
   -0.121367000
   -0.106137000
  198.673035000
  198.687170000
  198.787494000
  198.802399000
  205.064035000
  206.774170000
  326.351915000
  326.365000000
  326.445950000
  326.508734000
  329.161322000
  335.409666000
  346.496403000
  350.389386000
  350.405950000
  350.466232000
  350.473678000
  354.959992000
  355.834341000
  357.713528000
  368.026817000
  393.378260000
  396.497035000
  399.993302000
  401.439557000
  404.940587000
  404.954941000
  405.036122000
  405.089320000
  430.138590000
  437.088534000
  438.897409000
  438.928215000
  439.007039000
  439.031193000
  478.796879000
  512.633194000
  549.069698000
  549.091111000
  549.169792000
  549.229961000
  570.854985000
  572.996481000
  574.993271000
  582.346477000
  848.685355000
  852.486931000
  863.367473000
  886.788631000
  891.058216000
  919.094647000
  921.506683000
  926.300498000
  942.882548000
  943.149829000
  943.853460000
  943.983245000
  960.670017000
  962.182788000
  962.499768000
  962.936491000
  963.189994000
  996.008604000
 1013.095923000
 1013.532270000
 1014.046244000
 1014.184702000
 1017.064569000
 1021.073753000
 1027.935337000
 1034.960109000
 1119.389530000
 1119.983844000
 1120.196422000
 1120.379551000
 1138.482583000
 1145.754797000
 1207.081101000
 1238.747000000
 1238.901340000
 1239.133750000
 1239.659140000
 1243.998554000
 1244.059160000
 1291.120789000
 1291.470572000
 1291.979277000
 1292.185956000
 1333.769755000
 1361.084111000
 1369.214609000
 1395.831068000
 1476.886120000
 1574.501301000
 1591.775632000
 1597.644765000
 1654.299654000
 1681.039222000
 1681.183882000
 1681.456930000
 1681.547208000
 1730.356718000
 1730.470587000
 1730.952968000
 1731.006465000
 1735.422797000
 1754.441591000
 1820.652710000
 1858.520812000
 2598.400876000
 2599.625779000
 2626.267237000
 2629.233743000
 2676.803611000
 2678.092381000
 2679.060217000
 2680.906241000
 2682.489508000
 2683.076630000
 2683.321203000
 2684.365344000
 2684.977031000
 2686.031099000
 2711.307456000
 2712.227168000
 2716.270262000
 2720.773503000
 3040.067882000
 3042.245998000
 3043.521188000
 3044.171582000
 3045.388447000
 3076.170217000
 3094.299864000
 3095.503686000
 3096.096686000
 3097.302448000
 3101.451279000
 3112.318189000
 3132.317212000
 3235.315767000


 P=      50.0000 V=    1213.9793 E=    -549.940383770
    0.000000000    0.000000000    0.000000000
   -0.103380000
   -0.098537000
   -0.071211000
  219.779243000
  219.785678000
  219.953875000
  219.962157000
  224.602900000
  226.562219000
  376.340533000
  377.003499000
  377.030730000
  377.202527000
  377.212762000
  383.332224000
  406.887683000
  407.630724000
  413.576860000
  417.784093000
  417.785984000
  418.067510000
  418.080488000
  423.938959000
  426.548499000
  459.979397000
  472.622384000
  479.006948000
  479.444450000
  479.467326000
  479.688311000
  479.698862000
  481.965210000
  508.589979000
  535.681166000
  535.713722000
  535.798199000
  535.818431000
  547.256036000
  561.723079000
  624.587406000
  659.825382000
  659.867814000
  660.010757000
  660.039469000
  683.477743000
  688.996030000
  693.042876000
  706.575625000
  946.523425000
  951.378381000
  955.938330000
 1009.878597000
 1010.999041000
 1030.815007000
 1033.684503000
 1056.672362000
 1066.657684000
 1066.750703000
 1067.085314000
 1067.198480000
 1075.554709000
 1082.663163000
 1082.741569000
 1083.090391000
 1083.168678000
 1107.049981000
 1125.955394000
 1136.279878000
 1136.564050000
 1136.831596000
 1137.136864000
 1144.634125000
 1168.095239000
 1176.559713000
 1246.157122000
 1246.506968000
 1247.039384000
 1247.357508000
 1279.536532000
 1295.681859000
 1349.527790000
 1355.605089000
 1370.589098000
 1370.773534000
 1370.841171000
 1370.966475000
 1380.410973000
 1431.770810000
 1432.027445000
 1432.291064000
 1432.560238000
 1474.223054000
 1500.642335000
 1509.575856000
 1548.161424000
 1566.717386000
 1597.713961000
 1602.357139000
 1631.707281000
 1676.534671000
 1706.681445000
 1706.703887000
 1706.976944000
 1707.000509000
 1753.427100000
 1753.473780000
 1753.851996000
 1753.903749000
 1764.303012000
 1791.737119000
 1887.278510000
 1925.221472000
 2186.308270000
 2189.808452000
 2215.854977000
 2223.130565000
 2270.590823000
 2270.749875000
 2273.914296000
 2274.110298000
 2277.311685000
 2281.969283000
 2282.133035000
 2284.702905000
 2285.295882000
 2285.476535000
 2308.733616000
 2311.993123000
 2314.851768000
 2317.303838000
 2842.789000000
 2850.943131000
 2851.110792000
 2853.896437000
 2854.054344000
 2881.587820000
 2936.226464000
 2936.379542000
 2939.041301000
 2939.195392000
 2939.837143000
 2956.863785000
 2971.097057000
 3140.375152000


 P=      70.0000 V=    1119.5817 E=    -549.553874490
    0.000000000    0.000000000    0.000000000
   -0.100854000
   -0.087240000
   -0.076958000
  233.721940000
  233.729375000
  233.832907000
  233.840929000
  237.059822000
  238.175484000
  406.022951000
  406.900001000
  406.926582000
  407.030942000
  407.047152000
  413.135437000
  436.809297000
  445.876213000
  449.679415000
  465.401782000
  470.071269000
  470.083208000
  470.348505000
  470.375271000
  477.922745000
  508.819278000
  531.276575000
  535.806119000
  535.830898000
  535.838212000
  536.073057000
  536.087345000
  551.432100000
  560.727616000
  616.112329000
  616.184500000
  616.285574000
  616.355898000
  620.001438000
  640.220584000
  718.571561000
  746.813128000
  746.893634000
  747.012408000
  747.095861000
  769.521743000
  786.565722000
  788.618295000
  808.542483000
 1017.640287000
 1022.890797000
 1023.724778000
 1097.495972000
 1104.063458000
 1111.129171000
 1124.593509000
 1158.815453000
 1158.848868000
 1158.987760000
 1158.998156000
 1159.274063000
 1163.617773000
 1170.826986000
 1170.830193000
 1171.006192000
 1171.011994000
 1189.102927000
 1204.407959000
 1226.899006000
 1226.961534000
 1227.257405000
 1227.312572000
 1233.993966000
 1268.618839000
 1274.156404000
 1334.082227000
 1334.316972000
 1334.431434000
 1334.645032000
 1377.834536000
 1401.358205000
 1413.767883000
 1470.390514000
 1470.426443000
 1470.553228000
 1470.603314000
 1471.233165000
 1482.627852000
 1535.311836000
 1535.468902000
 1535.682690000
 1535.823429000
 1543.425412000
 1567.756240000
 1584.163733000
 1600.134732000
 1616.740488000
 1654.320395000
 1669.876038000
 1676.473042000
 1696.113438000
 1723.365821000
 1723.439309000
 1723.495736000
 1723.565776000
 1762.097985000
 1762.108158000
 1762.397219000
 1762.413675000
 1764.479339000
 1766.503145000
 1790.157552000
 1814.879201000
 1818.181720000
 1844.429634000
 1875.755829000
 1876.660754000
 1877.200330000
 1878.102030000
 1881.002646000
 1898.661060000
 1899.477677000
 1899.988931000
 1900.813307000
 1902.722248000
 1923.397191000
 1931.190089000
 1936.167208000
 1938.327805000
 1953.211720000
 1984.445217000
 2677.301083000
 2694.248667000
 2694.648760000
 2695.391130000
 2695.789086000
 2721.752868000
 2812.463740000
 2813.659167000
 2814.065936000
 2814.763242000
 2815.166201000
 2828.227510000
 2844.408318000
 3070.936588000
 weight
 0.0 0.0 0.0 1.0
