

 #v,#q,#freq,#unit
 6, 1, 144,16
 P=      -1.0000 V=    2299.1066 E=    -550.867610960
    0.000000000    0.000000000    0.000000000
   -0.454662000
   -0.411095000
   -0.327834000
   70.642913000
   76.414861000
   98.968774000
   99.442150000
  100.278206000
  104.499163000
  105.806658000
  105.949818000
  106.828521000
  109.304195000
  111.435165000
  112.074419000
  133.318434000
  133.821770000
  141.169331000
  142.278604000
  145.513679000
  148.101643000
  149.762493000
  153.756363000
  155.735568000
  156.843246000
  158.849163000
  159.201603000
  163.563326000
  168.887786000
  171.433220000
  173.717704000
  175.983053000
  176.501566000
  177.097277000
  177.758729000
  178.488819000
  183.712783000
  188.387471000
  191.720187000
  192.561663000
  201.409328000
  207.761654000
  212.448377000
  212.610585000
  215.048568000
  220.290497000
  233.491165000
  234.713222000
  504.787423000
  507.591575000
  527.755210000
  533.986539000
  552.320533000
  554.160881000
  555.277237000
  558.265834000
  565.013345000
  565.727666000
  570.560471000
  580.500192000
  582.622512000
  589.764053000
  592.855468000
  594.951993000
  599.879866000
  617.849968000
  622.741720000
  631.303717000
  634.695177000
  643.899861000
  645.313838000
  647.760523000
  657.707277000
  669.136571000
  675.009155000
  694.699070000
  696.610490000
  705.684792000
  726.771137000
  742.341878000
  757.481814000
  776.796167000
  785.519163000
  788.265077000
  789.096766000
  790.827740000
  809.407971000
  819.437000000
  827.501929000
  832.302722000
  833.751050000
  856.069381000
  857.728887000
  890.861701000
  893.058460000
  939.722581000
 1596.032231000
 1597.206155000
 1618.030630000
 1619.934176000
 1632.937928000
 1635.138031000
 1636.682119000
 1643.255992000
 1645.891045000
 1651.142137000
 1652.303458000
 1656.137595000
 1660.225098000
 1670.814330000
 1683.942668000
 1705.791096000
 3359.318841000
 3360.225236000
 3388.924978000
 3389.391512000
 3393.159789000
 3393.837305000
 3407.012271000
 3407.075481000
 3407.499075000
 3408.465588000
 3408.973817000
 3409.561530000
 3410.212766000
 3410.850534000
 3458.313483000
 3460.184063000
 3460.493199000
 3461.381558000
 3463.385945000
 3483.795482000
 3489.298283000
 3489.351363000
 3489.558859000
 3491.868527000
 3492.177474000
 3492.382637000
 3493.272758000
 3494.587144000
 3506.336393000
 3508.078084000
 3509.367640000
 3510.024537000


 P=       0.0000 V=    2176.1811 E=    -550.867995610
    0.000000000    0.000000000    0.000000000
   -0.366863000
   -0.327431000
   -0.326390000
   97.306217000
  102.355661000
  106.548253000
  108.435526000
  112.562166000
  112.840987000
  114.075170000
  115.280866000
  123.909486000
  128.162415000
  130.782817000
  133.298179000
  150.021562000
  150.823018000
  158.312741000
  158.853063000
  163.912548000
  166.227300000
  166.832465000
  171.896506000
  173.351614000
  174.389517000
  176.361782000
  176.575284000
  181.643956000
  185.986938000
  187.861390000
  189.491799000
  190.125590000
  191.431146000
  192.693097000
  193.095283000
  196.719872000
  201.361997000
  212.059725000
  214.434534000
  214.644419000
  227.068752000
  234.193526000
  237.706993000
  239.096988000
  240.678118000
  244.586963000
  259.375266000
  260.577594000
  522.080916000
  526.603666000
  544.707416000
  553.902803000
  573.380756000
  575.849378000
  578.732042000
  580.893071000
  588.132639000
  589.911131000
  595.586829000
  603.555155000
  604.843675000
  613.434355000
  614.373540000
  618.582448000
  625.414868000
  641.206837000
  645.099370000
  654.828400000
  657.765532000
  668.118387000
  670.029458000
  672.419316000
  682.085556000
  695.199295000
  701.201812000
  721.912431000
  723.560598000
  731.938167000
  753.977618000
  772.303432000
  787.584835000
  807.067140000
  817.438931000
  819.508968000
  820.533503000
  821.991217000
  841.675677000
  852.377895000
  860.196096000
  864.714305000
  866.699541000
  888.480407000
  889.914761000
  925.973424000
  927.142081000
  977.943661000
 1596.699234000
 1597.183931000
 1620.193376000
 1621.506276000
 1636.012083000
 1638.144643000
 1639.636985000
 1646.753084000
 1650.023935000
 1655.032788000
 1656.506706000
 1660.195168000
 1664.769045000
 1676.312197000
 1691.459705000
 1715.149038000
 3328.041876000
 3329.279394000
 3359.429036000
 3359.834312000
 3365.500594000
 3366.101416000
 3379.223132000
 3379.652442000
 3381.373966000
 3381.626308000
 3383.066658000
 3383.291161000
 3383.619663000
 3384.974689000
 3428.391812000
 3428.737649000
 3429.468434000
 3429.804398000
 3447.471550000
 3465.660688000
 3465.978761000
 3467.440155000
 3468.145763000
 3470.228533000
 3471.099775000
 3471.725293000
 3474.663975000
 3476.146853000
 3485.466629000
 3487.401894000
 3490.395616000
 3490.994233000


 P=      10.0000 V=    1663.8479 E=    -550.723136250
    0.000000000    0.000000000    0.000000000
   -0.232580000
   -0.222785000
   -0.206598000
  149.318051000
  150.378145000
  152.898225000
  155.967648000
  157.253172000
  159.180403000
  227.280868000
  231.904415000
  249.606827000
  250.692988000
  253.343654000
  254.103816000
  257.751947000
  259.621269000
  259.810176000
  261.126087000
  264.534655000
  267.440665000
  268.377477000
  268.929572000
  271.526246000
  271.851053000
  272.582877000
  275.891724000
  276.293605000
  283.440665000
  286.709729000
  289.057681000
  289.903063000
  292.378612000
  304.674052000
  315.226043000
  322.139494000
  334.469670000
  345.750542000
  355.172830000
  365.282068000
  383.776875000
  387.175934000
  392.730823000
  399.324262000
  403.955053000
  405.526043000
  414.978852000
  426.873311000
  686.440158000
  688.769046000
  704.750470000
  736.964427000
  749.814815000
  754.239769000
  766.923013000
  768.928208000
  776.841650000
  777.621789000
  783.631240000
  787.307107000
  790.202357000
  795.924400000
  800.471716000
  801.137351000
  820.188428000
  826.461442000
  827.582086000
  836.840130000
  846.095926000
  848.965256000
  861.044945000
  863.117997000
  877.168935000
  885.731231000
  892.507016000
  910.008711000
  915.815069000
  920.362291000
  947.458161000
  979.817894000
  992.395933000
 1021.472445000
 1032.120823000
 1038.289672000
 1041.522939000
 1041.888852000
 1053.955167000
 1067.653121000
 1081.696945000
 1081.921841000
 1087.583132000
 1105.139684000
 1115.316507000
 1157.974247000
 1158.234561000
 1218.659653000
 1604.981886000
 1611.180859000
 1645.416557000
 1646.726013000
 1664.674994000
 1665.826786000
 1669.253623000
 1678.725084000
 1682.036916000
 1688.948340000
 1692.859161000
 1695.180417000
 1705.129596000
 1719.818818000
 1753.312564000
 1783.158006000
 3020.046912000
 3023.863435000
 3063.229474000
 3063.414312000
 3067.577375000
 3068.449336000
 3087.809193000
 3088.887892000
 3089.131337000
 3091.033602000
 3091.155514000
 3091.313978000
 3091.667186000
 3091.834357000
 3121.144020000
 3121.948661000
 3122.798202000
 3123.170125000
 3263.500992000
 3264.681311000
 3267.064448000
 3267.303996000
 3269.209998000
 3272.094299000
 3282.717781000
 3283.994062000
 3288.980486000
 3299.456009000
 3300.426237000
 3301.139839000
 3302.687507000
 3353.874721000


 P=      30.0000 V=    1361.2274 E=    -550.334309270
    0.000000000    0.000000000    0.000000000
   -0.153684000
   -0.152215000
   -0.123224000
  186.278374000
  186.812003000
  187.945648000
  193.218029000
  194.013771000
  196.466694000
  329.203916000
  331.057186000
  339.361494000
  340.132111000
  342.162144000
  343.474986000
  343.910969000
  344.545749000
  353.547988000
  354.455789000
  357.004844000
  357.142060000
  358.411786000
  361.243677000
  368.484547000
  376.085003000
  376.470345000
  379.117916000
  387.295968000
  396.055611000
  398.057561000
  398.730893000
  400.666382000
  412.213707000
  433.724258000
  439.146359000
  455.462551000
  474.344804000
  481.876905000
  497.668613000
  510.929943000
  534.585444000
  538.840993000
  539.930304000
  561.666758000
  568.752718000
  570.631639000
  577.094374000
  593.019051000
  835.736272000
  838.052254000
  847.875765000
  905.411446000
  912.166954000
  915.861332000
  944.888049000
  949.338326000
  951.661013000
  952.116909000
  957.433659000
  961.052251000
  964.988733000
  968.413608000
  976.402289000
  978.308265000
  992.936292000
  997.763596000
 1002.021175000
 1003.023442000
 1022.490611000
 1024.579475000
 1040.870219000
 1044.196273000
 1058.860275000
 1062.522096000
 1068.734972000
 1083.547557000
 1086.118057000
 1092.763380000
 1115.530045000
 1170.156614000
 1179.734707000
 1224.292465000
 1233.044384000
 1242.583616000
 1245.307014000
 1247.110288000
 1253.341248000
 1269.572288000
 1283.753282000
 1285.160698000
 1292.380839000
 1305.699891000
 1316.676150000
 1372.390418000
 1373.906352000
 1430.000030000
 1617.562953000
 1631.563398000
 1672.947210000
 1677.169471000
 1696.680031000
 1697.943319000
 1702.001367000
 1715.287722000
 1716.190468000
 1726.863536000
 1730.478775000
 1731.615636000
 1750.090135000
 1765.136100000
 1830.133130000
 1863.967028000
 2598.148072000
 2603.284444000
 2647.200328000
 2647.899884000
 2648.697744000
 2649.603073000
 2671.015698000
 2671.597040000
 2672.894221000
 2673.361369000
 2675.073199000
 2675.999223000
 2676.231376000
 2677.191284000
 2701.274401000
 2701.431977000
 2702.989367000
 2704.143492000
 3037.953295000
 3038.637878000
 3042.039690000
 3042.464176000
 3043.929727000
 3047.632548000
 3087.147277000
 3089.208643000
 3100.493989000
 3101.177207000
 3102.587792000
 3104.665717000
 3107.251464000
 3232.938304000


 P=      50.0000 V=    1214.5145 E=    -549.938527860
    0.000000000    0.000000000    0.000000000
   -0.160255000
   -0.126731000
   -0.116423000
  209.051053000
  210.171092000
  210.220263000
  215.571149000
  215.768710000
  218.521306000
  378.589454000
  379.214813000
  385.905487000
  386.459786000
  388.548056000
  392.724849000
  396.588712000
  397.461319000
  411.900033000
  418.923573000
  420.905839000
  421.267155000
  423.268396000
  433.501274000
  445.355357000
  446.564314000
  448.935770000
  453.659427000
  464.393905000
  468.356748000
  473.676477000
  473.890497000
  474.620751000
  502.117280000
  515.284050000
  540.531668000
  555.715290000
  574.980516000
  580.360864000
  599.653734000
  609.952886000
  638.360488000
  640.030450000
  649.554213000
  675.747754000
  686.149636000
  687.852939000
  693.911500000
  707.616478000
  936.242683000
  938.039044000
  944.517056000
 1018.456249000
 1022.672840000
 1025.705714000
 1065.149474000
 1067.670631000
 1071.667682000
 1072.166644000
 1075.708604000
 1078.058031000
 1084.655496000
 1087.983177000
 1094.722427000
 1097.994468000
 1104.309365000
 1110.096646000
 1117.214196000
 1121.174956000
 1149.547286000
 1150.002160000
 1164.308526000
 1165.120774000
 1180.052277000
 1184.834166000
 1186.659538000
 1197.333283000
 1199.548835000
 1206.001435000
 1220.815012000
 1292.262792000
 1299.820822000
 1362.326225000
 1371.642211000
 1379.036322000
 1382.071437000
 1383.732409000
 1390.629489000
 1404.561333000
 1418.229657000
 1421.546409000
 1428.447649000
 1437.823662000
 1446.963725000
 1512.730712000
 1516.001955000
 1556.951669000
 1630.231715000
 1648.255963000
 1691.777746000
 1697.767967000
 1716.510552000
 1720.368409000
 1722.460882000
 1737.050019000
 1745.078287000
 1752.470380000
 1752.554768000
 1756.758396000
 1781.802333000
 1794.636244000
 1896.777828000
 1928.389338000
 2200.631022000
 2205.377191000
 2250.095876000
 2250.617512000
 2260.718681000
 2261.293452000
 2276.719083000
 2277.245995000
 2284.730861000
 2285.112281000
 2286.672922000
 2288.027349000
 2296.477192000
 2299.963848000
 2313.845266000
 2315.166838000
 2318.031360000
 2319.256882000
 2853.601725000
 2857.425327000
 2858.657274000
 2859.864806000
 2863.527847000
 2865.044900000
 2936.635575000
 2942.073011000
 2946.465297000
 2947.862042000
 2952.276273000
 2956.441633000
 2961.278851000
 3145.111616000


 P=      70.0000 V=    1119.6491 E=    -549.552415690
    0.000000000    0.000000000    0.000000000
   -0.163379000
   -0.156590000
   -0.113186000
  225.094754000
  225.793448000
  226.360975000
  229.718816000
  230.145146000
  232.450513000
  405.253012000
  406.281447000
  412.565595000
  414.913341000
  416.715369000
  421.140656000
  425.691155000
  428.748025000
  444.602390000
  466.170204000
  469.447865000
  471.442023000
  472.387574000
  489.982681000
  503.738931000
  504.777991000
  506.556994000
  510.080958000
  523.349138000
  523.866426000
  530.599282000
  532.647659000
  537.514470000
  572.788470000
  578.523324000
  626.812498000
  638.955515000
  657.518024000
  662.312677000
  680.089929000
  687.780204000
  720.609847000
  721.517763000
  741.816193000
  770.519105000
  783.039332000
  783.939779000
  789.386731000
  801.120198000
 1014.361773000
 1014.502867000
 1018.827382000
 1106.732620000
 1108.307633000
 1111.239083000
 1158.680443000
 1159.420621000
 1165.384938000
 1165.977038000
 1168.917195000
 1169.455413000
 1175.239346000
 1179.689410000
 1184.060078000
 1187.188828000
 1189.184388000
 1191.881395000
 1209.448529000
 1211.277460000
 1247.901784000
 1249.988804000
 1258.962976000
 1260.488926000
 1269.401561000
 1273.175008000
 1279.300537000
 1282.518461000
 1288.829638000
 1291.094395000
 1295.466692000
 1375.053281000
 1382.399340000
 1472.508518000
 1479.543517000
 1484.445433000
 1487.551707000
 1493.469259000
 1495.629243000
 1508.760551000
 1517.735997000
 1522.201596000
 1528.630865000
 1537.741954000
 1542.120773000
 1612.917541000
 1614.078421000
 1638.495205000
 1643.351865000
 1660.675207000
 1702.450219000
 1706.397889000
 1728.035755000
 1729.903119000
 1731.384908000
 1745.274827000
 1753.354944000
 1762.087597000
 1762.955824000
 1770.565569000
 1777.493753000
 1801.071623000
 1805.669201000
 1811.656945000
 1841.950099000
 1844.030609000
 1857.271037000
 1861.813944000
 1875.222888000
 1884.731766000
 1885.669248000
 1895.534492000
 1899.602282000
 1904.395731000
 1909.048729000
 1914.143796000
 1921.358771000
 1928.158947000
 1930.159897000
 1933.178881000
 1964.859396000
 1988.667193000
 2686.726733000
 2690.479712000
 2697.019495000
 2699.975271000
 2702.878123000
 2705.577839000
 2807.424224000
 2813.319374000
 2817.420806000
 2821.498305000
 2822.243860000
 2829.662056000
 2831.563013000
 3073.048161000
 weight
 0.0 0.0 0.0 1.0
