

 #v,#q,#freq,#unit
 6, 1, 144,16
 P=      -1.0000 V=    2285.5770 E=    -550.870524970
    0.000000000    0.000000000    0.000000000
   -0.442320000
   -0.309781000
   -0.283402000
   80.961724000
   87.618788000
   90.797567000
   91.532896000
  105.758305000
  108.916880000
  111.106376000
  112.425871000
  113.174992000
  114.002975000
  121.715656000
  122.083967000
  137.670143000
  139.159493000
  141.457131000
  143.425576000
  147.688666000
  148.838169000
  154.489435000
  156.803681000
  158.732744000
  161.970773000
  162.952449000
  164.922621000
  167.688288000
  169.254277000
  170.464218000
  172.422821000
  174.099330000
  175.088053000
  176.395210000
  177.867245000
  179.512821000
  181.468741000
  185.317964000
  189.268084000
  201.047688000
  203.881579000
  206.714558000
  208.157299000
  215.061298000
  217.714962000
  221.489814000
  231.031555000
  243.021408000
  517.446505000
  519.538921000
  536.209900000
  540.310196000
  545.357094000
  555.791258000
  560.398931000
  561.271280000
  568.879378000
  570.968398000
  574.713218000
  578.192166000
  584.308006000
  588.293334000
  597.427473000
  601.467566000
  604.349866000
  607.380722000
  616.881253000
  623.204776000
  626.082990000
  636.662723000
  637.421545000
  646.203749000
  651.263701000
  682.770394000
  690.734048000
  704.568649000
  715.165542000
  719.605777000
  750.779684000
  760.190895000
  766.719229000
  777.929642000
  791.641433000
  796.965945000
  799.553590000
  811.595683000
  813.779229000
  821.307110000
  826.668965000
  832.871502000
  839.159546000
  862.089003000
  870.934505000
  892.043843000
  911.505112000
  920.691211000
 1596.040314000
 1599.245883000
 1607.222062000
 1613.363496000
 1621.968393000
 1626.051621000
 1633.759761000
 1638.343908000
 1642.151752000
 1643.295930000
 1653.293580000
 1662.350172000
 1665.725856000
 1667.142934000
 1685.512170000
 1690.781567000
 3351.326883000
 3353.165486000
 3378.442903000
 3380.821589000
 3389.552322000
 3390.173897000
 3397.836413000
 3399.201127000
 3399.929474000
 3402.067517000
 3404.828398000
 3405.078709000
 3406.296792000
 3409.477124000
 3450.305910000
 3455.382419000
 3457.090076000
 3458.295404000
 3463.293234000
 3478.807777000
 3483.742581000
 3485.118187000
 3485.803610000
 3489.810366000
 3490.049257000
 3490.394757000
 3491.988675000
 3495.460320000
 3502.560082000
 3503.831336000
 3508.449414000
 3510.087707000


 P=       0.0000 V=    2183.2800 E=    -550.870945440
    0.000000000    0.000000000    0.000000000
   -0.426445000
   -0.277589000
   -0.260211000
  101.824081000
  107.463762000
  109.777479000
  110.801055000
  113.703391000
  115.557999000
  117.712370000
  118.097264000
  118.968067000
  123.929308000
  130.137559000
  138.991060000
  151.935844000
  153.349710000
  156.060712000
  157.688982000
  162.278128000
  164.593519000
  168.411972000
  170.649481000
  172.894816000
  176.613464000
  177.492026000
  180.080869000
  181.435335000
  182.792315000
  183.023395000
  183.834911000
  186.471350000
  187.499551000
  190.270606000
  191.936171000
  194.622463000
  196.233739000
  204.217144000
  206.899227000
  220.601974000
  224.705478000
  228.716430000
  230.029327000
  236.883134000
  238.580386000
  244.179055000
  251.312437000
  264.542362000
  525.996461000
  527.145142000
  543.931893000
  550.384811000
  556.761556000
  567.394087000
  570.753400000
  573.958747000
  581.152987000
  582.994374000
  587.640577000
  591.946560000
  596.836422000
  600.887514000
  610.182949000
  614.674573000
  616.535652000
  621.489536000
  629.849877000
  636.335063000
  639.713070000
  652.041895000
  653.624677000
  662.200898000
  667.286332000
  698.395659000
  708.097240000
  721.470659000
  733.013911000
  737.571330000
  769.445061000
  778.897076000
  787.262335000
  797.377697000
  812.945257000
  817.514930000
  822.015720000
  833.416611000
  835.024421000
  842.820572000
  847.981215000
  856.034597000
  861.605890000
  886.731711000
  896.029220000
  917.621667000
  935.372940000
  945.567613000
 1596.704833000
 1600.147703000
 1608.354461000
 1615.164911000
 1624.130350000
 1628.081645000
 1636.411946000
 1641.329550000
 1645.153319000
 1646.543454000
 1657.338488000
 1666.492168000
 1669.982867000
 1671.823102000
 1692.241553000
 1698.284043000
 3334.089706000
 3336.351518000
 3364.198688000
 3366.515443000
 3373.788028000
 3374.959718000
 3384.395064000
 3385.070327000
 3385.695610000
 3388.039554000
 3391.279159000
 3391.894074000
 3393.532514000
 3394.154419000
 3436.313647000
 3436.953268000
 3438.411502000
 3439.286296000
 3454.152013000
 3472.301292000
 3473.556965000
 3474.602435000
 3476.241892000
 3477.479778000
 3479.117383000
 3480.637297000
 3482.393757000
 3482.653596000
 3493.225088000
 3493.615940000
 3498.950085000
 3501.294381000


 P=      10.0000 V=    1664.3108 E=    -550.725953350
    0.000000000    0.000000000    0.000000000
   -0.279865000
   -0.205853000
   -0.169545000
  155.370151000
  157.332293000
  157.480015000
  158.953103000
  160.285670000
  170.338816000
  233.141313000
  236.037086000
  236.873433000
  240.154646000
  250.062362000
  255.799909000
  256.111089000
  260.515957000
  262.274321000
  262.700382000
  263.905134000
  265.713847000
  266.751023000
  267.740725000
  269.078275000
  270.140067000
  271.654078000
  273.429486000
  274.470861000
  281.398585000
  287.717432000
  296.816427000
  299.298006000
  303.851042000
  310.363246000
  313.627420000
  317.374600000
  319.340073000
  344.591137000
  345.533523000
  367.772618000
  378.748318000
  390.581343000
  392.484189000
  399.249389000
  402.078061000
  406.392953000
  414.888160000
  426.171578000
  693.155917000
  696.719695000
  706.579318000
  732.768877000
  741.653885000
  750.751155000
  757.696597000
  764.965955000
  770.299481000
  775.431769000
  779.659483000
  784.374659000
  786.068230000
  788.581283000
  793.304056000
  804.571654000
  809.108709000
  811.996249000
  816.934706000
  821.721546000
  833.391319000
  840.450688000
  848.715476000
  850.815244000
  864.820853000
  889.072323000
  916.485191000
  922.545507000
  930.841650000
  936.368843000
  981.527644000
  990.572679000
 1000.973705000
 1012.321983000
 1029.961291000
 1034.880063000
 1044.882979000
 1050.843967000
 1056.597080000
 1067.142051000
 1072.090799000
 1081.870347000
 1085.890091000
 1114.176731000
 1125.959936000
 1149.922754000
 1169.513402000
 1184.784679000
 1612.328150000
 1616.492917000
 1628.093842000
 1636.675831000
 1652.335047000
 1654.886598000
 1666.968339000
 1672.177912000
 1677.839268000
 1680.782559000
 1694.541594000
 1705.291508000
 1710.256084000
 1714.681472000
 1756.470213000
 1765.182877000
 3019.959389000
 3024.340462000
 3058.674228000
 3060.003961000
 3073.620750000
 3073.675805000
 3083.730003000
 3090.114459000
 3090.750177000
 3091.890585000
 3093.986985000
 3095.739173000
 3099.123556000
 3104.271790000
 3125.002013000
 3125.193282000
 3127.126651000
 3128.277442000
 3261.155473000
 3265.266566000
 3268.813776000
 3270.678736000
 3272.468722000
 3273.302473000
 3285.735304000
 3288.910088000
 3292.832988000
 3299.993551000
 3300.671335000
 3307.439813000
 3308.762919000
 3354.874473000


 P=      30.0000 V=    1362.1744 E=    -550.338079020
    0.000000000    0.000000000    0.000000000
   -0.147008000
   -0.116997000
   -0.104776000
  190.769870000
  192.106487000
  192.745603000
  193.170975000
  195.290138000
  205.569843000
  330.260525000
  331.185006000
  332.358026000
  336.988276000
  338.421894000
  339.709220000
  343.105905000
  348.283378000
  350.607125000
  351.444654000
  356.457791000
  357.720239000
  359.302073000
  365.790412000
  367.719558000
  374.082810000
  376.834449000
  378.996163000
  382.325347000
  390.769094000
  401.544990000
  403.412916000
  410.493711000
  427.091220000
  434.349809000
  439.303798000
  445.981842000
  452.118761000
  484.637628000
  487.046209000
  510.364872000
  526.721109000
  548.721031000
  550.772861000
  559.813304000
  560.664378000
  566.815983000
  583.844500000
  587.197978000
  839.202060000
  842.311357000
  847.048650000
  897.933381000
  906.599847000
  911.101534000
  932.052447000
  939.421126000
  942.686361000
  949.262081000
  953.465371000
  954.862463000
  957.342431000
  963.618638000
  965.161972000
  974.635266000
  980.214884000
  983.729282000
  985.376627000
  992.613812000
 1009.144695000
 1016.837760000
 1021.741117000
 1028.146152000
 1049.497104000
 1058.387501000
 1092.420643000
 1102.682104000
 1110.044181000
 1115.393481000
 1168.394210000
 1179.259823000
 1197.959780000
 1207.559349000
 1225.745302000
 1231.219210000
 1245.490444000
 1248.852320000
 1256.982608000
 1270.173008000
 1273.419770000
 1279.876246000
 1293.013136000
 1317.935454000
 1333.881623000
 1361.781526000
 1367.955526000
 1393.425642000
 1633.454466000
 1637.693606000
 1653.812146000
 1663.786685000
 1683.964803000
 1686.778429000
 1700.382520000
 1705.707585000
 1711.596087000
 1717.531392000
 1733.642478000
 1742.408974000
 1749.875278000
 1760.182009000
 1835.907682000
 1845.262605000
 2602.544789000
 2606.719895000
 2643.908184000
 2645.957967000
 2658.054787000
 2663.581762000
 2670.729201000
 2675.144200000
 2678.894938000
 2682.473994000
 2686.063484000
 2687.756546000
 2692.519234000
 2696.862889000
 2710.073511000
 2711.289182000
 2713.874888000
 2717.154115000
 3038.474243000
 3040.751422000
 3045.803200000
 3049.407801000
 3053.806230000
 3055.495043000
 3092.240226000
 3093.925939000
 3104.442694000
 3105.614839000
 3112.190131000
 3113.540461000
 3114.956350000
 3236.668162000


 P=      50.0000 V=    1214.2531 E=    -549.938913310
    0.000000000    0.000000000    0.000000000
   -0.127676000
   -0.125093000
   -0.113674000
  212.906923000
  214.105559000
  214.522255000
  214.662333000
  216.696989000
  225.272784000
  376.798237000
  378.371941000
  379.542110000
  384.856095000
  385.177597000
  388.159705000
  396.109886000
  406.950463000
  407.555544000
  412.631900000
  423.823809000
  426.032582000
  426.599683000
  434.809197000
  438.960311000
  447.688746000
  452.763483000
  456.401590000
  462.277180000
  465.033829000
  474.331625000
  478.617875000
  488.922062000
  512.239948000
  522.948311000
  535.615280000
  542.392602000
  551.973913000
  585.496767000
  589.345188000
  610.945733000
  632.144082000
  659.489743000
  662.093940000
  671.558379000
  677.362152000
  683.977939000
  701.590093000
  705.332521000
  941.017890000
  944.078679000
  945.620460000
 1015.875139000
 1022.827208000
 1025.080764000
 1056.679508000
 1064.055029000
 1067.382362000
 1072.211260000
 1074.801938000
 1077.120667000
 1080.736605000
 1085.204047000
 1089.508719000
 1093.506384000
 1099.090155000
 1100.318748000
 1106.257465000
 1117.671054000
 1128.610824000
 1136.980341000
 1150.128324000
 1156.342265000
 1176.056759000
 1178.355827000
 1207.287142000
 1221.829772000
 1229.177562000
 1238.505637000
 1288.152019000
 1299.925542000
 1337.411569000
 1343.844523000
 1357.995602000
 1369.275055000
 1381.694589000
 1387.167873000
 1395.767965000
 1407.025410000
 1410.596400000
 1414.059541000
 1432.987230000
 1452.841447000
 1471.817053000
 1492.276440000
 1505.832961000
 1525.588873000
 1651.387924000
 1657.913320000
 1674.675044000
 1686.436253000
 1705.789832000
 1711.139250000
 1725.955498000
 1728.815114000
 1733.699198000
 1742.554258000
 1760.094672000
 1764.224782000
 1775.562375000
 1791.110814000
 1904.957862000
 1912.356445000
 2193.219674000
 2200.052960000
 2240.390117000
 2249.088812000
 2252.326024000
 2258.115494000
 2271.733188000
 2273.358923000
 2278.507333000
 2279.969337000
 2289.687102000
 2292.550212000
 2295.171868000
 2300.163941000
 2310.877117000
 2313.736007000
 2318.446767000
 2321.990918000
 2848.824263000
 2852.482473000
 2856.083144000
 2859.771285000
 2862.361414000
 2866.829762000
 2935.724254000
 2938.602103000
 2945.654496000
 2948.615929000
 2949.851700000
 2958.103883000
 2960.904479000
 3143.222764000


 P=      70.0000 V=    1119.7253 E=    -549.553590690
    0.000000000    0.000000000    0.000000000
   -0.106628000
   -0.093679000
   -0.084889000
  227.548470000
  228.632591000
  228.735827000
  229.029962000
  230.465690000
  236.749451000
  404.058676000
  405.560846000
  406.946976000
  413.781102000
  413.940893000
  419.316994000
  427.059282000
  439.593778000
  441.344422000
  459.145900000
  471.706090000
  476.173108000
  479.104708000
  485.479580000
  496.822014000
  502.841634000
  512.602634000
  515.344052000
  519.950163000
  521.828929000
  532.321038000
  538.440321000
  549.631902000
  574.242894000
  588.332053000
  616.537179000
  623.224172000
  636.421462000
  666.622022000
  673.418865000
  691.087095000
  718.160610000
  746.856874000
  749.065840000
  763.831159000
  771.815276000
  780.561944000
  792.294347000
  805.063492000
 1016.609128000
 1018.383273000
 1018.591850000
 1104.304649000
 1108.666204000
 1110.257214000
 1151.594102000
 1156.159353000
 1160.798064000
 1163.977084000
 1165.551429000
 1167.907813000
 1173.111840000
 1175.826360000
 1178.348217000
 1181.675217000
 1184.660286000
 1186.215784000
 1201.534964000
 1211.561985000
 1219.799587000
 1226.409860000
 1248.453354000
 1255.329069000
 1267.725779000
 1270.562655000
 1290.441317000
 1308.117920000
 1311.954071000
 1326.306185000
 1366.395475000
 1375.953415000
 1420.482561000
 1452.141067000
 1459.779334000
 1475.869107000
 1483.469831000
 1491.874049000
 1497.234514000
 1506.819543000
 1513.078596000
 1514.611335000
 1533.016242000
 1545.606570000
 1569.056719000
 1577.317274000
 1605.848698000
 1612.614660000
 1666.376234000
 1677.516735000
 1689.500868000
 1704.833558000
 1719.670690000
 1725.217863000
 1736.971988000
 1743.276362000
 1744.640238000
 1755.658214000
 1770.093069000
 1775.038396000
 1781.915971000
 1789.004885000
 1793.205420000
 1825.450187000
 1836.027549000
 1849.604241000
 1851.684781000
 1870.058016000
 1873.321974000
 1880.538020000
 1885.626774000
 1890.515995000
 1902.015874000
 1907.405016000
 1910.200396000
 1917.242101000
 1923.776355000
 1924.131344000
 1934.168854000
 1941.810624000
 1971.614172000
 1977.582683000
 2689.162978000
 2691.217070000
 2693.822460000
 2700.692881000
 2702.208264000
 2707.237346000
 2810.979207000
 2812.192928000
 2816.611454000
 2822.414164000
 2824.747941000
 2830.391757000
 2832.106402000
 3073.192696000
 weight
 0.0 0.0 0.0 1.0
