

 #v,#q,#freq,#unit
 6, 1, 144,16
 P=      -1.0000 V=    2287.7364 E=    -550.867394410
    0.000000000    0.000000000    0.000000000
   -0.708721000
   -0.355507000
   -0.291028000
   50.927832000
   88.269154000
   90.219524000
   90.881971000
   91.596569000
  104.241646000
  105.295939000
  105.440930000
  106.057174000
  109.709521000
  114.162216000
  133.299663000
  134.327334000
  137.679191000
  140.715686000
  144.880023000
  146.407094000
  148.216248000
  154.100158000
  155.110979000
  155.401528000
  161.533990000
  161.618421000
  162.801252000
  163.993875000
  164.166166000
  176.666180000
  177.299532000
  177.585814000
  179.625830000
  180.575014000
  183.109757000
  184.271225000
  185.890219000
  186.250601000
  188.783085000
  195.904462000
  206.631354000
  208.427978000
  209.828746000
  210.673385000
  219.088954000
  223.593152000
  231.458577000
  242.832490000
  504.656571000
  518.754331000
  520.531482000
  547.901510000
  548.396507000
  561.456951000
  567.614920000
  568.181054000
  569.826477000
  571.521748000
  572.193808000
  575.922229000
  591.182086000
  592.029879000
  605.969481000
  608.504601000
  621.387372000
  622.714452000
  622.936837000
  629.266676000
  634.309727000
  642.288343000
  646.686737000
  655.717393000
  662.010150000
  671.822873000
  676.718168000
  681.166098000
  692.841815000
  717.076205000
  739.545146000
  740.852706000
  755.561244000
  766.971444000
  788.820245000
  795.183063000
  802.897975000
  819.057389000
  820.042048000
  821.530096000
  824.484282000
  834.818313000
  858.886099000
  864.294191000
  882.668759000
  890.681304000
  902.428826000
  938.440582000
 1597.795752000
 1599.929794000
 1619.441455000
 1624.639862000
 1625.397362000
 1629.791688000
 1642.103069000
 1648.336079000
 1651.542670000
 1652.550932000
 1657.589048000
 1662.288081000
 1664.280141000
 1664.690904000
 1685.659098000
 1708.068029000
 3351.984546000
 3353.426050000
 3382.721143000
 3383.479193000
 3387.502876000
 3387.970912000
 3397.567999000
 3398.219346000
 3399.341321000
 3401.111796000
 3403.219750000
 3403.981146000
 3404.925711000
 3406.308809000
 3450.776037000
 3452.696683000
 3453.202659000
 3454.521469000
 3457.120452000
 3480.178260000
 3480.550158000
 3480.999450000
 3482.427304000
 3483.937392000
 3485.920483000
 3487.467675000
 3489.532262000
 3490.040127000
 3497.246299000
 3498.440436000
 3504.910598000
 3505.193593000


 P=       0.0000 V=    2182.7443 E=    -550.867702540
    0.000000000    0.000000000    0.000000000
   -0.551791000
   -0.403826000
   -0.297036000
   77.741714000
   96.551410000
  108.064240000
  108.907517000
  109.418042000
  110.021742000
  110.347814000
  112.843478000
  112.916113000
  115.443298000
  133.197127000
  148.006934000
  151.911239000
  152.291904000
  155.601930000
  159.734568000
  162.318300000
  162.641035000
  170.101041000
  170.364267000
  170.792488000
  175.899357000
  176.056207000
  178.602048000
  178.893062000
  180.511683000
  187.436336000
  189.754877000
  190.022398000
  190.585606000
  192.018886000
  194.448192000
  200.328409000
  203.332755000
  206.492203000
  209.095188000
  213.559937000
  229.443046000
  230.636261000
  232.255602000
  233.079551000
  239.175103000
  243.594086000
  253.110041000
  266.547212000
  513.075557000
  526.773491000
  529.036091000
  559.056824000
  559.910119000
  574.244911000
  579.689738000
  579.803090000
  583.413924000
  585.229851000
  585.706289000
  590.075257000
  604.880933000
  605.593748000
  621.339275000
  622.791907000
  634.786520000
  636.350388000
  640.173540000
  643.574980000
  649.890907000
  659.945445000
  663.493564000
  672.869388000
  677.722507000
  688.844857000
  693.878439000
  698.308006000
  710.272789000
  734.679118000
  758.978686000
  759.733441000
  776.892410000
  788.840336000
  810.651413000
  814.879951000
  826.899672000
  841.582916000
  842.757339000
  844.416580000
  847.710119000
  858.576941000
  882.615091000
  887.701852000
  907.567700000
  917.295671000
  929.348624000
  967.723200000
 1596.917277000
 1600.203618000
 1620.807824000
 1625.872227000
 1626.955147000
 1631.362170000
 1643.727959000
 1650.741819000
 1654.288613000
 1655.691101000
 1660.697668000
 1665.594541000
 1667.765709000
 1668.340401000
 1691.885516000
 1715.325259000
 3333.389387000
 3335.165898000
 3365.861120000
 3366.801162000
 3370.565432000
 3371.294044000
 3383.389070000
 3384.026846000
 3384.500370000
 3386.046214000
 3387.068525000
 3388.609642000
 3389.132554000
 3390.570501000
 3431.769103000
 3433.501232000
 3434.096243000
 3435.359294000
 3451.161930000
 3469.146644000
 3469.914881000
 3471.439012000
 3472.848544000
 3473.349593000
 3475.294219000
 3478.161095000
 3478.795443000
 3479.031837000
 3486.047111000
 3488.065206000
 3495.267163000
 3495.705736000


 P=      10.0000 V=    1663.3773 E=    -550.722350280
    0.000000000    0.000000000    0.000000000
   -0.230104000
   -0.196661000
   -0.171053000
  144.287524000
  150.219998000
  151.334691000
  151.997471000
  154.988370000
  158.167967000
  213.913539000
  234.233711000
  242.581404000
  243.190650000
  251.743361000
  255.816446000
  256.127613000
  259.865575000
  265.236575000
  266.048061000
  268.365985000
  268.703495000
  269.310423000
  271.600330000
  272.582368000
  273.279637000
  274.695264000
  276.391337000
  278.982373000
  287.418334000
  288.677322000
  289.892909000
  295.950069000
  297.050403000
  302.057008000
  306.418646000
  326.022170000
  338.820552000
  348.892666000
  355.355233000
  357.814486000
  388.684391000
  391.025085000
  391.395061000
  393.103662000
  393.552303000
  395.038458000
  417.458952000
  440.844643000
  682.008947000
  694.037187000
  696.860873000
  742.307618000
  746.880735000
  759.523280000
  760.644559000
  773.005128000
  777.001840000
  778.744808000
  782.871568000
  786.528959000
  792.825241000
  804.328744000
  806.602258000
  813.179528000
  823.030890000
  825.744269000
  835.471963000
  839.294165000
  849.533160000
  850.728093000
  857.720975000
  862.344060000
  875.727850000
  881.573713000
  887.721371000
  893.837447000
  899.913418000
  929.688855000
  954.442379000
  966.500525000
 1003.474728000
 1016.502603000
 1017.862026000
 1030.190725000
 1049.611072000
 1063.704121000
 1068.333372000
 1068.491287000
 1074.918568000
 1078.620428000
 1104.174581000
 1114.169461000
 1129.041460000
 1151.351214000
 1166.012238000
 1212.051700000
 1607.786087000
 1616.874178000
 1645.149306000
 1650.919129000
 1654.932376000
 1659.600179000
 1674.059979000
 1684.469676000
 1686.165208000
 1689.639401000
 1700.202004000
 1702.198791000
 1707.161439000
 1708.844442000
 1755.941560000
 1784.190422000
 3017.336806000
 3021.645386000
 3055.641609000
 3058.936501000
 3070.075933000
 3070.947185000
 3078.978388000
 3082.451013000
 3085.317616000
 3086.595283000
 3088.439662000
 3091.388768000
 3094.963032000
 3095.258687000
 3117.993641000
 3120.180928000
 3120.599304000
 3121.971411000
 3259.312108000
 3260.673010000
 3262.564844000
 3265.766919000
 3278.762556000
 3280.134633000
 3280.721715000
 3281.228900000
 3285.835164000
 3286.308154000
 3288.046974000
 3307.012365000
 3307.572296000
 3353.319935000


 P=      30.0000 V=    1361.1553 E=    -550.334012040
    0.000000000    0.000000000    0.000000000
   -0.104630000
   -0.099547000
   -0.077416000
  184.103082000
  185.630511000
  186.734264000
  188.451504000
  191.755433000
  194.341103000
  320.344133000
  330.032665000
  338.411740000
  341.103850000
  341.640972000
  343.506729000
  343.869960000
  346.589702000
  351.633285000
  353.364429000
  354.229426000
  354.785156000
  356.313743000
  369.534558000
  370.119419000
  373.249506000
  378.685641000
  382.279563000
  390.374562000
  395.781709000
  398.270258000
  400.380038000
  407.397115000
  410.881434000
  427.769157000
  453.705673000
  455.927637000
  474.260393000
  485.666914000
  497.696609000
  504.687488000
  535.413511000
  538.086253000
  548.390846000
  548.917836000
  553.645821000
  555.743444000
  585.061524000
  612.946981000
  833.628107000
  839.721082000
  844.174727000
  907.731736000
  911.991026000
  919.581158000
  935.697667000
  948.815492000
  951.540319000
  955.456540000
  961.310035000
  965.479900000
  965.658536000
  973.531703000
  981.964784000
  985.219171000
  990.256319000
  994.967773000
 1017.885990000
 1019.787423000
 1025.545092000
 1027.264767000
 1033.867639000
 1040.585833000
 1055.433980000
 1057.841305000
 1063.109029000
 1067.507724000
 1070.626351000
 1098.628445000
 1125.241750000
 1149.545508000
 1193.733451000
 1208.323174000
 1227.821183000
 1233.316953000
 1253.211626000
 1266.095764000
 1270.735714000
 1272.088886000
 1279.187256000
 1281.586671000
 1302.901278000
 1309.167850000
 1328.909957000
 1363.451011000
 1381.828448000
 1419.780106000
 1624.858134000
 1638.537199000
 1673.620941000
 1677.994626000
 1689.902689000
 1693.567877000
 1703.464719000
 1717.773627000
 1720.757000000
 1723.264100000
 1736.666400000
 1741.174284000
 1748.838027000
 1751.212506000
 1833.170833000
 1863.459354000
 2594.680284000
 2601.237651000
 2635.868368000
 2638.545545000
 2658.145739000
 2658.705229000
 2661.973953000
 2665.168676000
 2671.732188000
 2672.509681000
 2674.051287000
 2677.202919000
 2680.045520000
 2684.840288000
 2699.798282000
 2703.041987000
 2703.729055000
 2704.450299000
 3032.288706000
 3037.157009000
 3037.454309000
 3044.602555000
 3051.294736000
 3053.310689000
 3085.434671000
 3087.918149000
 3091.913103000
 3094.204574000
 3107.395317000
 3110.324921000
 3111.553324000
 3233.641272000


 P=      50.0000 V=    1214.6010 E=    -549.938430710
    0.000000000    0.000000000    0.000000000
   -0.142770000
   -0.133393000
   -0.117301000
  208.219902000
  209.227989000
  209.469719000
  212.550269000
  215.106940000
  218.021472000
  373.587536000
  383.892752000
  384.278824000
  387.502934000
  388.622891000
  390.450829000
  391.053949000
  402.495384000
  406.881554000
  417.393515000
  418.845071000
  420.012930000
  427.913311000
  433.621620000
  438.722382000
  449.178714000
  451.014382000
  454.485406000
  461.095071000
  474.064238000
  474.321081000
  479.382409000
  481.732418000
  483.899101000
  525.870855000
  551.669336000
  562.055715000
  571.446162000
  585.233006000
  588.277269000
  613.113905000
  637.665446000
  640.815008000
  657.812904000
  659.677590000
  663.503897000
  670.945234000
  705.210073000
  732.749228000
  934.353309000
  937.902866000
  941.618157000
 1018.518122000
 1021.846832000
 1026.955166000
 1056.442119000
 1068.043470000
 1068.980062000
 1071.280027000
 1080.610798000
 1082.258239000
 1085.553492000
 1089.965943000
 1096.399728000
 1100.544725000
 1101.348107000
 1105.884691000
 1138.259722000
 1139.814177000
 1144.901034000
 1153.216120000
 1159.293152000
 1165.615186000
 1174.394812000
 1178.091998000
 1180.632938000
 1182.744960000
 1186.244326000
 1206.708867000
 1231.974026000
 1267.903418000
 1306.567734000
 1346.759683000
 1367.919500000
 1372.660056000
 1388.547346000
 1402.164091000
 1404.683000000
 1408.057680000
 1413.486821000
 1417.742356000
 1434.662052000
 1435.251754000
 1460.610506000
 1502.667049000
 1522.581786000
 1540.158271000
 1645.781235000
 1655.451477000
 1695.557503000
 1697.782567000
 1717.313178000
 1719.993722000
 1721.610429000
 1737.055462000
 1743.473703000
 1744.935587000
 1757.737855000
 1769.085739000
 1779.155626000
 1781.405155000
 1899.272526000
 1926.786480000
 2200.359755000
 2209.828923000
 2242.121153000
 2254.119875000
 2265.129437000
 2271.166957000
 2275.421724000
 2279.943755000
 2283.519735000
 2287.359216000
 2289.747569000
 2293.748869000
 2297.642973000
 2299.376141000
 2311.821492000
 2317.154741000
 2318.619635000
 2322.139643000
 2851.500404000
 2854.576822000
 2859.764861000
 2862.053531000
 2867.473949000
 2872.182138000
 2937.059295000
 2941.911276000
 2944.101164000
 2945.739687000
 2956.273174000
 2960.746375000
 2962.325774000
 3146.392625000


 P=      70.0000 V=    1119.9884 E=    -549.554043170
    0.000000000    0.000000000    0.000000000
   -0.149095000
   -0.125557000
   -0.115763000
  223.820547000
  225.028846000
  225.670607000
  227.389499000
  228.695570000
  230.337394000
  402.950460000
  411.010030000
  412.135428000
  415.139145000
  416.052412000
  418.798302000
  419.702431000
  437.049838000
  439.165629000
  465.497953000
  468.640819000
  473.878982000
  477.248620000
  483.677067000
  490.865271000
  508.880835000
  511.184044000
  515.232634000
  516.028414000
  530.151679000
  536.168399000
  536.971199000
  540.826689000
  541.400400000
  610.626165000
  629.877322000
  652.543166000
  652.949013000
  656.259743000
  667.873453000
  701.286566000
  720.555106000
  722.603334000
  744.986952000
  752.317065000
  752.818754000
  766.260063000
  803.458085000
  831.602918000
 1011.896479000
 1013.630306000
 1016.519003000
 1105.777742000
 1107.337091000
 1110.305079000
 1152.420868000
 1161.038149000
 1161.628024000
 1163.161253000
 1168.792649000
 1172.831905000
 1175.645638000
 1181.210537000
 1184.176954000
 1186.021712000
 1186.046246000
 1189.107089000
 1225.819543000
 1226.317011000
 1245.061233000
 1253.487884000
 1257.120091000
 1262.054885000
 1263.711194000
 1266.023037000
 1271.040430000
 1273.075124000
 1275.270877000
 1286.304530000
 1308.652582000
 1354.111198000
 1380.350598000
 1455.255620000
 1473.382953000
 1481.856829000
 1497.025028000
 1504.048313000
 1506.543961000
 1512.882320000
 1513.302294000
 1520.224376000
 1529.830856000
 1532.302753000
 1555.625645000
 1601.080270000
 1607.092104000
 1629.015854000
 1664.178186000
 1666.321089000
 1706.107535000
 1707.261716000
 1725.748404000
 1735.526280000
 1736.305741000
 1743.133986000
 1754.437943000
 1756.340736000
 1765.395702000
 1767.211477000
 1782.008608000
 1798.685149000
 1801.751020000
 1809.167701000
 1838.160400000
 1857.284404000
 1869.448902000
 1879.432165000
 1887.990645000
 1889.956016000
 1891.977797000
 1897.846129000
 1908.060207000
 1914.391686000
 1918.373668000
 1920.739978000
 1927.560586000
 1935.273490000
 1938.069032000
 1940.532895000
 1966.246400000
 1987.146141000
 2688.246066000
 2696.545987000
 2700.077760000
 2704.770073000
 2708.370839000
 2710.314251000
 2810.602961000
 2817.750519000
 2821.328355000
 2825.702948000
 2827.134380000
 2832.486838000
 2834.862260000
 3076.890706000
 weight
 0.0 0.0 0.0 1.0
