

 #v,#q,#freq,#unit
 6, 1, 144,16
 P=      -1.0000 V=    2288.2707 E=    -550.868516190
    0.000000000    0.000000000    0.000000000
   -0.481573000
   -0.425922000
   -0.262340000
   71.739731000
   71.803659000
   98.811994000
  100.230083000
  100.772125000
  100.809877000
  105.332816000
  106.233352000
  106.249872000
  113.748346000
  113.785147000
  130.226693000
  131.580840000
  137.361157000
  141.791222000
  144.327883000
  144.442030000
  151.575077000
  151.657489000
  152.180219000
  153.911484000
  155.504631000
  160.829539000
  161.288833000
  163.428560000
  163.974416000
  164.051238000
  176.969227000
  179.540364000
  179.563728000
  180.243597000
  180.260919000
  181.369609000
  190.294754000
  190.427350000
  197.224664000
  198.038906000
  200.630222000
  200.668437000
  210.145480000
  216.644674000
  216.671060000
  220.913108000
  231.858066000
  248.478723000
  499.017982000
  505.053995000
  549.062940000
  549.304665000
  552.625961000
  559.599896000
  565.588165000
  568.077815000
  568.253954000
  569.974359000
  573.808871000
  576.788253000
  576.974258000
  579.287926000
  586.772744000
  600.336440000
  600.479971000
  613.486518000
  613.666657000
  629.691598000
  630.017246000
  630.496270000
  636.496984000
  652.318893000
  653.785313000
  654.353000000
  699.000781000
  699.403930000
  716.557272000
  725.024320000
  725.135744000
  727.096849000
  757.048063000
  787.309309000
  787.786390000
  806.344348000
  813.433869000
  813.724105000
  834.183239000
  834.567257000
  850.134688000
  853.558920000
  862.347816000
  862.381205000
  871.840871000
  874.166092000
  913.810500000
  980.307863000
 1581.971585000
 1594.118419000
 1598.418603000
 1629.807299000
 1629.925651000
 1632.523270000
 1641.836508000
 1641.903931000
 1647.418128000
 1647.494088000
 1649.212053000
 1654.962669000
 1656.228481000
 1656.336312000
 1664.347720000
 1721.183019000
 3352.041474000
 3353.925222000
 3381.982646000
 3384.020221000
 3384.982749000
 3385.357859000
 3388.648607000
 3390.643859000
 3401.267077000
 3401.627025000
 3404.059067000
 3404.104670000
 3433.978884000
 3434.096858000
 3452.335252000
 3454.528807000
 3454.760124000
 3456.191161000
 3456.355295000
 3457.058911000
 3459.137509000
 3479.908169000
 3484.994610000
 3485.245526000
 3487.959620000
 3488.112953000
 3499.481383000
 3500.211378000
 3504.684752000
 3504.906276000
 3506.500087000
 3509.188207000


 P=       0.0000 V=    2177.9104 E=    -550.868836560
    0.000000000    0.000000000    0.000000000
   -0.398195000
   -0.362808000
   -0.214731000
   95.613741000
   95.729361000
  104.638723000
  106.918601000
  107.090622000
  107.146164000
  112.648732000
  112.697046000
  126.865162000
  133.016883000
  133.172381000
  147.725479000
  150.725778000
  152.714476000
  156.734555000
  159.420687000
  159.575320000
  167.382781000
  167.649758000
  167.793516000
  169.388013000
  170.790445000
  176.124317000
  177.571350000
  180.624649000
  181.156038000
  181.231317000
  190.159709000
  191.798726000
  191.862078000
  192.360921000
  192.412972000
  193.237677000
  208.842821000
  208.922873000
  217.103551000
  219.695595000
  222.654661000
  222.715867000
  231.968028000
  240.689769000
  240.740974000
  245.000841000
  255.362600000
  271.079721000
  510.963837000
  516.376313000
  565.205668000
  565.309630000
  565.558501000
  575.771631000
  580.208879000
  584.241917000
  584.667553000
  585.041836000
  589.750434000
  592.221821000
  592.447575000
  592.775990000
  603.561740000
  617.988653000
  618.204359000
  631.220490000
  631.678984000
  647.081567000
  648.443711000
  648.694161000
  653.844447000
  671.986543000
  672.756363000
  673.378912000
  718.506459000
  718.896222000
  739.340473000
  746.370089000
  746.491556000
  750.443993000
  780.724095000
  812.664099000
  813.160350000
  831.280003000
  838.781621000
  838.948145000
  860.914687000
  861.234791000
  877.588396000
  880.240261000
  889.275700000
  889.326466000
  901.552574000
  901.811985000
  943.229317000
 1013.293924000
 1579.925771000
 1594.139559000
 1598.216458000
 1631.007120000
 1631.171742000
 1633.850005000
 1644.139985000
 1644.308022000
 1650.835556000
 1650.910785000
 1653.437539000
 1657.410218000
 1659.270074000
 1659.436975000
 1668.512437000
 1729.748778000
 3329.757642000
 3331.460269000
 3361.893159000
 3362.070364000
 3365.006087000
 3365.688788000
 3369.900126000
 3370.447686000
 3381.167078000
 3382.072855000
 3386.122239000
 3386.333416000
 3423.026090000
 3423.144563000
 3430.871160000
 3431.802808000
 3432.285977000
 3434.268588000
 3434.659595000
 3435.691864000
 3449.857148000
 3469.426433000
 3470.141455000
 3473.845633000
 3474.290855000
 3476.024355000
 3485.738203000
 3486.391946000
 3492.030263000
 3492.493046000
 3495.176536000
 3496.963255000


 P=      10.0000 V=    1663.7709 E=    -550.723929530
    0.000000000    0.000000000    0.000000000
   -0.276002000
   -0.225073000
   -0.185168000
  149.262650000
  149.292317000
  150.983731000
  151.938797000
  152.003297000
  153.244977000
  228.232022000
  228.380678000
  250.070577000
  254.291084000
  258.184113000
  258.453874000
  258.860784000
  259.339684000
  260.029740000
  260.215702000
  262.042675000
  267.873729000
  271.949944000
  272.151685000
  273.730315000
  274.533694000
  274.643881000
  276.203259000
  280.271084000
  286.476085000
  286.744947000
  287.924204000
  290.315481000
  304.171758000
  304.371261000
  305.735428000
  310.162829000
  334.625443000
  334.903465000
  352.223745000
  367.197943000
  378.011615000
  378.130370000
  381.556651000
  405.996880000
  406.297107000
  415.208169000
  420.023287000
  427.383645000
  680.225593000
  681.725837000
  721.847805000
  755.598556000
  756.638534000
  757.090687000
  757.296984000
  763.738507000
  765.232979000
  772.533689000
  773.279215000
  781.909859000
  782.880041000
  784.203888000
  792.371838000
  802.318051000
  802.627742000
  818.597169000
  820.728234000
  832.710273000
  840.312669000
  840.479386000
  855.334829000
  861.957746000
  865.194022000
  865.495715000
  915.383844000
  915.507681000
  931.880770000
  942.981811000
  943.364143000
  982.293711000
  988.189773000
 1030.101441000
 1031.334374000
 1047.060184000
 1056.048896000
 1056.213747000
 1084.740292000
 1085.464583000
 1104.236126000
 1110.674593000
 1118.105811000
 1118.475296000
 1132.219648000
 1134.619277000
 1180.406471000
 1263.381789000
 1580.749427000
 1611.503975000
 1612.922679000
 1656.362027000
 1656.639793000
 1658.476936000
 1671.903689000
 1672.025792000
 1682.647721000
 1682.915035000
 1693.096118000
 1694.053792000
 1694.285449000
 1698.152202000
 1704.652089000
 1802.666656000
 3019.183257000
 3023.583256000
 3056.038939000
 3064.644911000
 3065.599053000
 3066.835709000
 3067.640671000
 3077.718537000
 3086.354930000
 3088.875803000
 3091.886262000
 3094.284502000
 3121.279996000
 3122.808995000
 3123.361779000
 3123.384876000
 3123.848344000
 3127.936477000
 3243.617283000
 3243.996967000
 3268.351482000
 3269.339313000
 3275.961017000
 3276.361672000
 3278.996323000
 3282.466482000
 3292.147334000
 3301.427660000
 3303.603861000
 3306.212192000
 3314.876622000
 3354.139465000


 P=      30.0000 V=    1360.9524 E=    -550.334659240
    0.000000000    0.000000000    0.000000000
   -0.119676000
   -0.093687000
   -0.079503000
  183.693129000
  183.720793000
  188.705891000
  188.735334000
  188.993393000
  191.322911000
  328.907817000
  329.047761000
  336.691480000
  338.194377000
  340.294636000
  340.554715000
  343.696563000
  350.994245000
  354.748113000
  354.882085000
  355.196636000
  357.049585000
  370.194551000
  370.681342000
  371.868605000
  372.967990000
  373.240000000
  386.417099000
  388.869957000
  401.564346000
  405.308168000
  405.838027000
  406.203110000
  428.713501000
  429.341824000
  429.719644000
  458.074269000
  462.295036000
  462.403247000
  477.735641000
  514.822203000
  530.003405000
  530.250539000
  533.061281000
  570.981690000
  571.293136000
  582.131667000
  584.759716000
  591.620803000
  832.579920000
  836.439395000
  862.530037000
  918.771468000
  921.049661000
  927.665917000
  931.517811000
  935.454028000
  935.806137000
  951.058473000
  951.443295000
  955.479956000
  963.095564000
  963.231357000
  977.229477000
  977.562690000
  977.916479000
  989.332777000
  990.651320000
 1012.275693000
 1019.059929000
 1019.574586000
 1040.558847000
 1040.997133000
 1045.019029000
 1052.675995000
 1094.215936000
 1094.303758000
 1104.719358000
 1119.521336000
 1119.653092000
 1181.418101000
 1200.567406000
 1235.269046000
 1235.607652000
 1237.446164000
 1259.805885000
 1260.452837000
 1293.057906000
 1293.701369000
 1309.295829000
 1314.419419000
 1325.901490000
 1326.579872000
 1340.817977000
 1350.081833000
 1402.126371000
 1470.507893000
 1587.360386000
 1635.050779000
 1637.810187000
 1684.326759000
 1684.468559000
 1685.031265000
 1699.073320000
 1699.151271000
 1715.282460000
 1715.565674000
 1727.928548000
 1728.074960000
 1732.996444000
 1742.184673000
 1765.198588000
 1883.559035000
 2593.164664000
 2597.680254000
 2630.299168000
 2641.436127000
 2646.857294000
 2647.425983000
 2649.402767000
 2661.960075000
 2666.195227000
 2667.417370000
 2672.884422000
 2676.443918000
 2697.048932000
 2699.799642000
 2704.583673000
 2705.074499000
 2706.126509000
 2715.588480000
 3026.815076000
 3027.795500000
 3042.356327000
 3043.621096000
 3045.273008000
 3055.123236000
 3075.028940000
 3076.000576000
 3102.849489000
 3103.425455000
 3104.865027000
 3107.291493000
 3119.010537000
 3232.073745000


 P=      50.0000 V=    1214.6560 E=    -549.939882820
    0.000000000    0.000000000    0.000000000
   -0.130111000
   -0.122454000
   -0.103024000
  206.486764000
  206.889021000
  210.992294000
  211.508545000
  211.635484000
  214.626834000
  376.260042000
  378.028419000
  382.491845000
  384.675820000
  385.383868000
  386.652029000
  398.315900000
  404.533300000
  413.684379000
  416.830316000
  418.992331000
  420.368474000
  435.185604000
  441.483455000
  441.669169000
  446.112224000
  447.367707000
  456.790417000
  462.192031000
  484.415994000
  486.017600000
  486.937005000
  488.511898000
  510.931552000
  518.239696000
  519.379247000
  554.348141000
  557.119467000
  558.290456000
  568.351662000
  620.036919000
  632.758952000
  634.432086000
  641.155295000
  685.893156000
  688.019069000
  695.085772000
  705.781055000
  709.268410000
  932.754570000
  936.860596000
  952.844156000
 1025.039306000
 1027.628019000
 1034.532144000
 1046.590562000
 1055.114473000
 1055.956002000
 1069.993620000
 1070.940435000
 1072.743859000
 1079.682784000
 1080.559455000
 1090.817413000
 1092.083543000
 1092.841384000
 1100.978970000
 1118.493445000
 1132.676790000
 1140.038886000
 1142.638456000
 1154.967763000
 1156.426001000
 1167.161511000
 1183.082209000
 1207.509424000
 1211.203012000
 1215.751331000
 1229.890379000
 1230.691376000
 1298.742414000
 1343.592645000
 1351.793510000
 1372.618395000
 1375.407486000
 1393.133444000
 1396.448426000
 1426.788120000
 1427.294218000
 1437.140664000
 1440.787130000
 1458.480644000
 1461.202145000
 1476.515775000
 1481.294000000
 1547.796075000
 1576.563834000
 1605.215555000
 1655.325087000
 1665.649623000
 1700.890304000
 1701.762279000
 1702.377463000
 1716.060716000
 1718.056300000
 1738.031596000
 1738.909667000
 1748.751238000
 1749.381779000
 1759.607705000
 1772.442845000
 1841.942120000
 1944.137400000
 2178.676526000
 2200.959988000
 2237.966819000
 2246.117833000
 2251.876574000
 2258.963048000
 2268.831021000
 2275.657177000
 2280.506056000
 2281.760944000
 2299.627963000
 2306.618992000
 2319.817377000
 2321.749531000
 2325.318613000
 2326.673575000
 2329.310331000
 2333.103686000
 2842.931239000
 2850.339230000
 2858.951554000
 2862.525051000
 2872.262769000
 2880.992995000
 2926.751340000
 2931.871498000
 2950.158917000
 2951.490840000
 2959.440935000
 2964.786334000
 2973.385277000
 3147.177890000


 P=      70.0000 V=    1119.2880 E=    -549.551236450
    0.000000000    0.000000000    0.000000000
   -0.108284000
   -0.103528000
   -0.078599000
  223.934849000
  224.312023000
  227.161098000
  227.387496000
  227.603576000
  230.510669000
  402.067465000
  403.503945000
  410.886361000
  414.681650000
  414.801779000
  415.827040000
  430.460437000
  434.201928000
  450.632516000
  459.870313000
  467.869478000
  467.890237000
  484.062232000
  497.285499000
  498.007760000
  506.354598000
  507.214699000
  511.202345000
  519.039008000
  547.894591000
  548.358263000
  549.569537000
  552.109148000
  571.251922000
  590.771778000
  591.714308000
  609.532180000
  638.001958000
  640.270765000
  663.464612000
  707.608831000
  712.833716000
  714.396385000
  733.728972000
  783.473771000
  784.550276000
  788.975574000
  807.277756000
  810.039626000
 1013.544346000
 1016.895655000
 1025.758784000
 1110.715099000
 1113.574092000
 1119.204352000
 1144.834871000
 1153.257739000
 1153.708945000
 1164.000243000
 1167.185014000
 1168.105406000
 1173.682320000
 1174.203427000
 1180.726078000
 1182.067437000
 1182.309601000
 1187.059249000
 1226.409400000
 1230.404186000
 1239.615150000
 1241.121174000
 1248.497983000
 1249.321832000
 1267.811198000
 1282.157219000
 1298.174604000
 1299.680002000
 1301.639214000
 1314.276240000
 1314.797551000
 1371.118663000
 1425.342246000
 1457.995981000
 1483.640015000
 1485.178130000
 1500.164100000
 1500.912517000
 1516.385624000
 1533.403316000
 1534.125226000
 1538.529556000
 1560.444681000
 1561.497229000
 1572.594735000
 1576.387680000
 1631.770534000
 1633.930545000
 1658.427359000
 1673.950293000
 1697.033712000
 1708.360898000
 1709.680832000
 1711.936576000
 1723.800860000
 1724.975819000
 1740.379138000
 1753.075053000
 1753.275550000
 1760.518404000
 1761.185889000
 1767.859751000
 1783.093979000
 1809.166819000
 1824.613190000
 1835.272051000
 1840.157545000
 1846.596697000
 1859.856508000
 1871.840188000
 1875.747107000
 1885.521082000
 1890.242231000
 1904.513327000
 1911.226006000
 1914.070136000
 1921.011105000
 1926.083502000
 1928.066231000
 1929.155025000
 1946.436320000
 1998.918868000
 2678.709651000
 2680.505307000
 2687.179084000
 2694.793230000
 2701.436089000
 2712.600151000
 2798.692214000
 2802.936719000
 2809.335310000
 2817.999515000
 2820.263366000
 2823.098704000
 2843.088789000
 3069.991752000
 weight
 0.0 0.0 0.0 1.0
