

 #v,#q,#freq,#unit
 6, 1, 144,16
 P=      -1.0000 V=    2278.0269 E=    -550.868887790
    0.000000000    0.000000000    0.000000000
   -1.171361000
   -1.171361000
   -0.824288000
   55.420521000
   55.420521000
   91.528757000
   91.528757000
  100.437047000
  110.210033000
  110.210033000
  113.219334000
  113.219334000
  126.919668000
  134.666169000
  135.612778000
  135.612778000
  141.811544000
  142.643230000
  143.031416000
  149.569234000
  156.336656000
  156.336656000
  159.882467000
  159.936527000
  159.936527000
  160.795583000
  164.294245000
  164.294245000
  166.916342000
  172.050171000
  176.603258000
  176.603258000
  177.476927000
  178.981417000
  179.526275000
  179.526275000
  185.075496000
  185.075496000
  186.997033000
  195.357504000
  204.382650000
  209.395383000
  209.395383000
  219.632292000
  223.758320000
  223.758320000
  233.146790000
  243.113666000
  515.864710000
  515.864710000
  535.224942000
  545.520857000
  545.520857000
  564.299767000
  564.299767000
  573.867233000
  573.867233000
  576.997713000
  586.062969000
  586.062969000
  599.938350000
  599.938350000
  601.321785000
  601.747099000
  607.417622000
  625.634117000
  625.869397000
  626.220544000
  626.220544000
  633.371125000
  655.916316000
  655.916316000
  675.955003000
  675.955003000
  703.198870000
  705.857143000
  716.790890000
  721.828958000
  721.828958000
  752.649663000
  758.717469000
  762.718326000
  781.004685000
  790.770600000
  810.301344000
  810.301344000
  822.789867000
  822.789867000
  832.767456000
  853.081829000
  855.639615000
  855.639615000
  873.441218000
  884.702471000
  897.353965000
  897.353965000
 1594.177195000
 1600.539097000
 1608.975282000
 1626.043287000
 1629.702966000
 1635.671971000
 1642.615673000
 1642.615673000
 1648.940996000
 1648.940996000
 1661.352412000
 1663.764763000
 1671.565113000
 1673.401985000
 1682.832356000
 1694.844463000
 3343.116475000
 3344.351903000
 3377.114659000
 3377.321777000
 3377.638493000
 3377.638493000
 3379.783834000
 3379.783834000
 3380.742582000
 3383.061177000
 3426.230882000
 3428.453381000
 3431.584923000
 3431.708970000
 3445.581976000
 3445.581976000
 3445.683837000
 3445.683837000
 3450.251586000
 3451.651897000
 3451.651897000
 3452.816548000
 3452.816548000
 3474.481262000
 3496.206209000
 3496.206209000
 3497.802288000
 3498.005755000
 3501.702124000
 3502.264530000
 3502.324334000
 3502.324334000


 P=       0.0000 V=    2176.1812 E=    -550.868973320
    0.000000000    0.000000000    0.000000000
   -0.891424000
   -0.861298000
   -0.861298000
   80.455889000
   80.455889000
  105.524388000
  110.351127000
  110.351127000
  115.659549000
  115.659549000
  118.426913000
  118.426913000
  132.577838000
  149.724271000
  149.724271000
  149.863957000
  156.011179000
  157.981848000
  160.266464000
  168.577580000
  171.034157000
  171.034157000
  173.366831000
  174.309856000
  174.309856000
  175.232085000
  179.855593000
  179.855593000
  182.091642000
  187.367620000
  187.367620000
  187.447444000
  188.172896000
  192.187187000
  192.187187000
  192.536947000
  203.838679000
  205.375346000
  205.375346000
  211.225556000
  223.209133000
  230.729962000
  230.729962000
  242.552241000
  243.899116000
  243.899116000
  253.861378000
  266.446425000
  524.043160000
  524.043160000
  542.806855000
  555.681301000
  555.681301000
  577.033977000
  577.033977000
  586.502562000
  588.204986000
  588.204986000
  600.510509000
  600.510509000
  612.208405000
  613.385664000
  615.709666000
  615.709666000
  621.460942000
  639.015721000
  639.301285000
  640.942510000
  640.942510000
  647.505681000
  670.927440000
  670.927440000
  693.433586000
  693.433586000
  719.839901000
  721.508093000
  737.199752000
  739.730110000
  739.730110000
  771.230355000
  777.388647000
  782.332540000
  799.240133000
  810.533693000
  832.033050000
  832.033050000
  845.818746000
  845.818746000
  854.970376000
  876.602183000
  878.606632000
  878.606632000
  899.082467000
  908.000393000
  923.566196000
  923.566196000
 1594.281386000
 1601.236244000
 1610.289043000
 1628.641821000
 1632.357821000
 1638.019609000
 1646.147849000
 1646.147849000
 1652.828840000
 1652.828840000
 1665.165482000
 1667.884558000
 1675.969159000
 1678.308689000
 1689.087170000
 1702.157804000
 3323.753527000
 3325.119304000
 3360.122237000
 3360.122237000
 3360.303014000
 3360.456171000
 3362.590863000
 3362.590863000
 3365.236849000
 3367.558243000
 3418.626873000
 3421.875157000
 3424.380115000
 3425.360830000
 3425.752400000
 3425.752400000
 3425.868743000
 3425.868743000
 3433.691809000
 3433.691809000
 3434.895280000
 3434.895280000
 3444.678343000
 3471.628667000
 3485.554807000
 3485.554807000
 3488.400160000
 3488.937498000
 3493.019818000
 3493.019818000
 3493.077492000
 3494.612745000


 P=      10.0000 V=    1664.0658 E=    -550.723593440
    0.000000000    0.000000000    0.000000000
   -0.493058000
   -0.447813000
   -0.447813000
  148.724480000
  153.390091000
  153.390091000
  156.616515000
  156.616515000
  174.134396000
  213.322176000
  213.322176000
  245.512478000
  245.512478000
  250.554188000
  250.554188000
  251.572609000
  258.023826000
  260.499937000
  263.648624000
  267.140860000
  267.140860000
  269.565686000
  269.565686000
  269.889762000
  271.631239000
  271.631239000
  278.911113000
  282.371688000
  287.331913000
  287.331913000
  295.628765000
  308.540582000
  308.723073000
  310.329456000
  310.329456000
  322.715663000
  328.524551000
  330.144000000
  355.957814000
  355.957814000
  364.543519000
  393.758585000
  393.758585000
  395.376819000
  395.376819000
  411.119239000
  414.194739000
  439.684489000
  688.159144000
  688.159144000
  701.029051000
  736.002151000
  736.002151000
  756.400179000
  772.045632000
  772.045632000
  783.900135000
  783.900135000
  786.548807000
  786.548807000
  792.600547000
  798.027013000
  804.193606000
  812.668693000
  812.668693000
  820.338164000
  824.955249000
  826.703421000
  826.703421000
  844.431262000
  847.902110000
  847.902110000
  880.112252000
  880.112252000
  908.121330000
  914.132812000
  931.544036000
  945.935534000
  945.935534000
  973.308906000
  974.001428000
  993.844612000
 1008.832503000
 1022.115294000
 1050.437571000
 1050.437571000
 1059.403027000
 1059.403027000
 1075.466831000
 1101.599609000
 1101.599609000
 1106.101039000
 1121.538147000
 1128.412307000
 1148.528685000
 1148.528685000
 1607.870870000
 1616.596802000
 1629.506153000
 1655.949950000
 1666.730579000
 1669.957633000
 1680.221952000
 1680.221952000
 1690.206502000
 1690.206502000
 1702.972540000
 1707.974576000
 1719.831616000
 1720.556784000
 1749.124919000
 1773.435957000
 3019.097030000
 3022.711758000
 3063.542336000
 3063.542336000
 3066.519003000
 3066.635418000
 3066.635418000
 3066.839705000
 3068.075061000
 3070.674904000
 3121.941761000
 3121.941761000
 3122.635428000
 3122.635428000
 3124.501253000
 3124.501253000
 3125.674356000
 3125.674356000
 3238.228524000
 3239.307880000
 3246.474502000
 3254.322182000
 3279.586170000
 3283.985363000
 3283.985363000
 3294.108791000
 3295.193076000
 3303.929451000
 3305.892159000
 3309.283762000
 3309.283762000
 3354.672316000


 P=      30.0000 V=    1362.7034 E=    -550.337552240
    0.000000000    0.000000000    0.000000000
   -0.294829000
   -0.280154000
   -0.280154000
  186.712505000
  188.059121000
  188.059121000
  190.961760000
  190.961760000
  208.068144000
  320.590967000
  320.590967000
  337.055466000
  337.055466000
  340.176755000
  340.176755000
  341.913934000
  342.498055000
  347.780332000
  349.971866000
  352.613423000
  352.613423000
  358.855849000
  367.709849000
  367.709849000
  374.473024000
  374.473024000
  381.961971000
  385.314353000
  394.062522000
  394.062522000
  410.818983000
  428.328974000
  430.064490000
  430.064490000
  447.515275000
  451.197377000
  454.991441000
  469.598722000
  496.439006000
  496.439006000
  510.684311000
  548.663502000
  548.663502000
  555.002449000
  555.002449000
  569.913970000
  584.570599000
  611.996253000
  834.195577000
  834.195577000
  842.032476000
  898.981296000
  898.981296000
  912.190620000
  949.874906000
  949.874906000
  955.944034000
  955.944034000
  956.262913000
  966.032701000
  969.668153000
  969.668153000
  973.983418000
  983.389759000
  984.456371000
  984.456371000
  990.953423000
 1002.717479000
 1002.717479000
 1016.542598000
 1016.542598000
 1026.050425000
 1053.445636000
 1053.445636000
 1075.582361000
 1082.154398000
 1102.105923000
 1132.148339000
 1132.148339000
 1140.096515000
 1156.590278000
 1193.453761000
 1199.871253000
 1216.654171000
 1253.284511000
 1253.284511000
 1258.790329000
 1258.790329000
 1275.027880000
 1302.747784000
 1303.167892000
 1303.167892000
 1311.324970000
 1337.826188000
 1355.444152000
 1355.444152000
 1626.822134000
 1635.619988000
 1651.351759000
 1686.580613000
 1705.394552000
 1705.655442000
 1717.708550000
 1717.708550000
 1730.618595000
 1730.618595000
 1739.012182000
 1748.237889000
 1758.787843000
 1767.136600000
 1828.023872000
 1857.254238000
 2606.613549000
 2613.116097000
 2656.697411000
 2656.697411000
 2658.349079000
 2658.349079000
 2659.475421000
 2660.421127000
 2660.668728000
 2663.614960000
 2710.173857000
 2710.173857000
 2714.667074000
 2714.667074000
 2715.250199000
 2715.250199000
 2716.043449000
 2716.043449000
 3027.805032000
 3031.892510000
 3040.808786000
 3061.709275000
 3061.709275000
 3063.164334000
 3074.126285000
 3097.350147000
 3110.002595000
 3113.889808000
 3115.255934000
 3117.635973000
 3117.635973000
 3239.278202000


 P=      50.0000 V=    1213.3611 E=    -549.934673580
    0.000000000    0.000000000    0.000000000
   -0.195390000
   -0.195390000
   -0.142706000
  211.676969000
  211.676969000
  212.488235000
  214.141777000
  214.141777000
  228.894419000
  378.150497000
  378.150497000
  383.888181000
  383.888181000
  388.343277000
  388.752868000
  388.752868000
  393.790044000
  399.523115000
  416.143494000
  419.743603000
  419.743603000
  424.095795000
  435.433312000
  435.433312000
  454.614424000
  454.614424000
  454.714871000
  457.509344000
  470.881351000
  470.881351000
  496.619381000
  511.463791000
  511.463791000
  515.732231000
  532.361035000
  539.959791000
  568.307243000
  578.886508000
  587.850167000
  587.850167000
  622.025459000
  662.495517000
  662.495517000
  672.627716000
  672.627716000
  688.236218000
  708.705348000
  736.471047000
  942.367465000
  942.367465000
  947.300821000
 1019.947278000
 1019.947278000
 1029.852275000
 1079.288152000
 1079.288152000
 1080.268661000
 1082.473401000
 1082.473401000
 1088.895587000
 1102.705552000
 1103.206040000
 1103.206040000
 1103.911696000
 1107.336923000
 1107.336923000
 1111.374163000
 1120.442312000
 1120.442312000
 1155.237430000
 1155.237430000
 1159.018142000
 1179.182936000
 1179.182936000
 1196.237055000
 1197.667974000
 1220.424194000
 1252.697502000
 1264.288291000
 1264.288291000
 1288.043566000
 1342.265367000
 1344.312795000
 1359.852572000
 1397.288450000
 1397.288450000
 1405.502806000
 1405.502806000
 1417.718468000
 1425.612346000
 1442.087153000
 1442.087153000
 1451.296988000
 1484.554140000
 1499.065792000
 1499.065792000
 1644.113003000
 1649.742964000
 1667.271547000
 1708.707938000
 1728.874534000
 1730.398484000
 1744.316464000
 1744.316464000
 1760.215667000
 1760.418199000
 1760.418199000
 1773.829812000
 1780.941763000
 1799.198730000
 1901.191476000
 1925.034918000
 2164.701594000
 2178.977436000
 2222.684286000
 2222.684286000
 2226.960287000
 2226.960287000
 2237.710265000
 2243.188887000
 2250.196743000
 2257.607923000
 2288.508131000
 2288.508131000
 2298.814148000
 2298.814148000
 2309.385231000
 2309.385231000
 2315.570456000
 2315.570456000
 2824.229004000
 2830.828970000
 2856.287014000
 2857.065093000
 2858.596205000
 2858.596205000
 2913.696781000
 2919.205608000
 2942.922526000
 2948.297667000
 2948.297667000
 2951.228832000
 2952.959850000
 3137.447238000


 P=      70.0000 V=    1118.8904 E=    -549.548707380
    0.000000000    0.000000000    0.000000000
   -0.324871000
   -0.262845000
   -0.262845000
  227.147914000
  227.147914000
  228.820051000
  229.021608000
  229.021608000
  240.590093000
  407.412000000
  407.412000000
  411.738469000
  411.738469000
  417.479873000
  420.020426000
  420.020426000
  425.901447000
  430.051979000
  466.656791000
  469.670452000
  469.670452000
  469.774073000
  483.600663000
  483.600663000
  505.995748000
  516.176251000
  516.176251000
  516.195861000
  530.188452000
  530.188452000
  567.000813000
  569.533278000
  569.533278000
  586.938429000
  599.446308000
  610.340846000
  649.986206000
  649.986206000
  660.156722000
  669.884505000
  714.828306000
  756.031501000
  756.031501000
  766.569086000
  766.569086000
  785.298535000
  811.375393000
  833.919692000
 1018.374551000
 1018.374551000
 1021.648242000
 1107.462869000
 1107.462869000
 1113.554996000
 1169.839751000
 1171.304822000
 1171.304822000
 1172.684215000
 1172.684215000
 1176.559976000
 1186.105613000
 1189.423019000
 1189.423019000
 1194.728902000
 1198.462653000
 1198.462653000
 1200.061869000
 1211.735659000
 1211.735659000
 1254.523831000
 1256.186289000
 1256.186289000
 1271.923876000
 1271.923876000
 1279.246668000
 1280.426001000
 1300.943705000
 1326.148515000
 1349.642320000
 1349.642320000
 1373.453123000
 1447.925988000
 1457.758882000
 1467.767292000
 1502.599078000
 1502.599078000
 1511.469881000
 1513.008897000
 1513.008897000
 1521.264383000
 1540.923482000
 1540.923482000
 1548.206231000
 1584.529499000
 1596.052913000
 1596.052913000
 1656.240505000
 1658.881189000
 1670.267930000
 1719.262239000
 1742.327620000
 1744.398063000
 1748.443029000
 1751.031153000
 1751.031153000
 1761.465045000
 1769.185351000
 1774.348873000
 1774.348873000
 1789.305359000
 1791.088162000
 1799.295241000
 1822.199729000
 1822.199729000
 1841.453951000
 1843.280260000
 1843.280260000
 1846.225518000
 1855.553278000
 1872.208597000
 1889.151760000
 1889.151760000
 1911.572645000
 1911.572645000
 1913.544356000
 1913.544356000
 1924.211658000
 1924.211658000
 1969.791273000
 1989.299845000
 2666.399427000
 2674.864912000
 2693.388472000
 2693.388472000
 2694.296688000
 2694.762891000
 2794.096202000
 2794.114859000
 2813.416533000
 2817.766024000
 2817.766024000
 2820.015331000
 2822.268548000
 3065.581374000
 weight
 0.0 0.0 0.0 1.0
