

 #v,#q,#freq,#unit
 6, 1, 144,16
 P=      -1.0000 V=    2304.8333 E=    -550.867619280
    0.000000000    0.000000000    0.000000000
   -0.792113000
   -0.763032000
   -0.551583000
   45.724739000
   75.415662000
   97.425358000
   99.235292000
   99.420773000
   99.788012000
  105.368980000
  106.703380000
  107.016158000
  107.491568000
  113.875662000
  121.895429000
  132.311794000
  132.686741000
  139.687373000
  141.214489000
  146.103910000
  146.759607000
  151.281470000
  151.646325000
  152.308536000
  152.458355000
  155.996291000
  158.071722000
  158.256331000
  164.929225000
  165.136694000
  171.959203000
  176.468467000
  177.810663000
  177.865037000
  178.129714000
  178.320767000
  182.722820000
  189.321028000
  189.799727000
  193.094215000
  199.362730000
  209.200734000
  209.351520000
  213.991020000
  214.245372000
  214.550716000
  226.838648000
  241.279899000
  493.062517000
  493.246026000
  524.598632000
  542.959837000
  553.446468000
  553.689273000
  553.755717000
  557.223093000
  562.749490000
  563.051107000
  565.664697000
  569.724102000
  572.632662000
  578.020531000
  583.809624000
  584.018095000
  593.116311000
  605.429710000
  613.873447000
  614.239649000
  627.210052000
  629.955678000
  630.063981000
  645.434230000
  664.643852000
  668.364668000
  668.596615000
  677.905282000
  697.792163000
  727.280070000
  727.940539000
  737.799063000
  743.665053000
  778.993003000
  789.217433000
  794.103228000
  794.452597000
  801.971806000
  806.748128000
  807.427122000
  833.424364000
  850.856194000
  851.599532000
  852.384243000
  861.830486000
  893.284687000
  893.347143000
  973.241749000
 1581.551653000
 1587.922966000
 1620.358273000
 1620.465505000
 1622.632733000
 1623.972598000
 1640.754724000
 1640.842821000
 1651.918757000
 1652.242746000
 1653.709179000
 1653.816554000
 1657.380511000
 1657.501549000
 1665.826882000
 1717.777860000
 3356.961865000
 3362.996587000
 3391.622606000
 3392.354284000
 3393.044157000
 3395.517717000
 3397.414517000
 3401.046690000
 3409.586317000
 3409.831447000
 3412.730352000
 3412.951865000
 3442.651828000
 3443.216072000
 3458.225050000
 3462.996376000
 3463.985648000
 3467.013184000
 3467.978821000
 3468.120933000
 3469.658368000
 3487.238398000
 3492.705449000
 3492.806426000
 3495.886191000
 3496.002913000
 3507.096782000
 3510.884517000
 3514.314430000
 3515.170901000
 3515.253955000
 3517.660557000


 P=       0.0000 V=    2183.5867 E=    -550.867588540
    0.000000000    0.000000000    0.000000000
   -0.798656000
   -0.669000000
   -0.362569000
   77.491440000
  100.395798000
  104.550118000
  105.460300000
  105.482932000
  106.114523000
  110.461536000
  111.820197000
  129.736372000
  130.177456000
  137.463108000
  145.796131000
  149.497213000
  149.813234000
  153.903339000
  155.656062000
  159.257977000
  159.775707000
  168.092568000
  168.318235000
  168.404520000
  170.657813000
  173.373419000
  176.989731000
  177.132064000
  184.930720000
  185.330166000
  189.692644000
  189.980735000
  191.291948000
  192.224088000
  192.419161000
  193.295950000
  204.361206000
  207.907475000
  208.184646000
  218.410654000
  222.351708000
  234.196675000
  234.622739000
  239.301481000
  239.666693000
  241.259591000
  253.937870000
  266.617477000
  511.825038000
  512.219607000
  548.360770000
  569.464363000
  575.233520000
  578.350390000
  579.216502000
  579.807927000
  582.787257000
  583.518952000
  583.854619000
  592.051216000
  595.587513000
  603.198338000
  604.801909000
  605.453041000
  610.718849000
  626.260284000
  633.633827000
  634.377213000
  647.590689000
  652.201276000
  652.513272000
  667.028926000
  685.411780000
  688.570727000
  689.603707000
  700.054177000
  723.958609000
  754.582822000
  755.233576000
  763.740623000
  767.909848000
  809.334715000
  817.111872000
  824.384723000
  824.920665000
  830.274499000
  836.265734000
  836.779575000
  863.737023000
  882.683876000
  883.218774000
  883.568190000
  890.708297000
  925.057279000
  925.329567000
 1010.933863000
 1579.529558000
 1587.858746000
 1621.839914000
 1622.044291000
 1626.347590000
 1627.121155000
 1643.190115000
 1643.417917000
 1653.841256000
 1655.792076000
 1658.369160000
 1658.762644000
 1660.806251000
 1661.095276000
 1669.991003000
 1728.134866000
 3334.243690000
 3335.545439000
 3364.337472000
 3367.120637000
 3368.849294000
 3370.386703000
 3371.930685000
 3376.976628000
 3385.776245000
 3386.235877000
 3389.062584000
 3389.606363000
 3424.263063000
 3425.311024000
 3435.303955000
 3435.603912000
 3435.941180000
 3438.393394000
 3440.588091000
 3441.768618000
 3453.715109000
 3473.044216000
 3473.395550000
 3476.899817000
 3477.317681000
 3479.755142000
 3486.620746000
 3493.407487000
 3495.269106000
 3495.452641000
 3495.905354000
 3500.847862000


 P=      10.0000 V=    1663.5219 E=    -550.723023060
    0.000000000    0.000000000    0.000000000
   -0.287058000
   -0.279755000
   -0.246454000
  148.151686000
  149.719072000
  150.696112000
  151.385459000
  151.616564000
  155.471927000
  214.168439000
  235.178382000
  253.330516000
  253.802814000
  254.381751000
  255.866721000
  259.092510000
  259.643216000
  261.741019000
  261.933583000
  261.950261000
  266.913611000
  273.554741000
  273.632549000
  273.764428000
  273.954228000
  274.254327000
  278.632760000
  282.852053000
  285.991568000
  286.352226000
  286.448395000
  294.240372000
  295.031461000
  308.249299000
  309.496337000
  309.654602000
  334.264850000
  334.810939000
  354.389298000
  370.936013000
  379.101960000
  379.815027000
  380.101276000
  405.685114000
  406.131839000
  412.586357000
  421.465231000
  426.305859000
  681.388364000
  681.621663000
  714.880464000
  753.750066000
  758.510252000
  758.562746000
  759.183395000
  771.873066000
  773.014370000
  773.912383000
  778.172283000
  782.428375000
  787.893744000
  790.422852000
  797.311557000
  798.631974000
  799.823440000
  819.557772000
  830.417060000
  831.485462000
  842.200617000
  842.948083000
  846.361279000
  853.223904000
  880.977734000
  892.634274000
  894.868498000
  902.063084000
  918.010466000
  958.859187000
  959.514330000
  961.966424000
  990.417840000
 1036.553385000
 1042.099351000
 1049.260449000
 1050.280261000
 1052.951439000
 1060.997266000
 1062.420389000
 1083.043984000
 1113.321818000
 1115.118824000
 1117.394621000
 1121.429623000
 1165.095110000
 1165.474591000
 1266.417661000
 1580.320045000
 1601.875388000
 1645.886572000
 1646.207031000
 1650.211973000
 1651.216892000
 1671.839596000
 1672.266732000
 1690.261525000
 1692.527294000
 1692.734834000
 1694.637445000
 1699.630131000
 1700.342413000
 1720.172474000
 1802.318320000
 3016.305549000
 3021.364367000
 3057.829282000
 3059.226085000
 3063.937958000
 3065.028414000
 3071.869473000
 3078.630640000
 3087.117001000
 3087.829415000
 3088.257105000
 3088.690388000
 3118.983768000
 3119.965793000
 3122.803321000
 3123.514603000
 3124.340008000
 3125.867529000
 3243.161213000
 3244.953213000
 3266.640269000
 3268.655648000
 3274.099738000
 3274.425755000
 3276.707858000
 3285.417356000
 3289.435132000
 3300.041760000
 3305.614043000
 3306.440893000
 3311.878134000
 3353.466231000


 P=      30.0000 V=    1361.4061 E=    -550.335028250
    0.000000000    0.000000000    0.000000000
   -0.137831000
   -0.126384000
   -0.107522000
  181.659713000
  184.358128000
  188.925700000
  189.199839000
  189.244358000
  193.295965000
  318.787436000
  333.115880000
  338.483815000
  338.585586000
  339.776529000
  341.456991000
  346.190113000
  346.269897000
  349.361784000
  349.974645000
  358.027341000
  362.039451000
  362.191284000
  369.129403000
  371.802954000
  373.216050000
  373.375996000
  386.766641000
  391.294736000
  394.942219000
  395.121785000
  411.252352000
  421.998248000
  422.097072000
  431.814147000
  432.060182000
  455.074194000
  460.983174000
  461.366834000
  494.680309000
  518.051195000
  521.082809000
  521.246362000
  537.198391000
  570.331337000
  570.430935000
  581.331649000
  581.876715000
  593.114254000
  831.903273000
  832.237896000
  856.791638000
  913.912565000
  920.440836000
  920.729858000
  930.214589000
  941.927460000
  942.533024000
  949.011482000
  954.410362000
  955.115177000
  962.969866000
  968.756281000
  971.221449000
  975.208497000
  975.646752000
  990.487854000
 1010.658664000
 1010.762710000
 1017.735168000
 1017.761933000
 1022.126517000
 1023.594080000
 1057.119551000
 1074.499715000
 1074.775851000
 1080.638049000
 1089.572811000
 1131.802458000
 1140.137370000
 1140.474842000
 1188.984396000
 1242.624513000
 1245.307903000
 1252.418169000
 1252.713231000
 1254.571555000
 1264.297935000
 1264.759335000
 1282.956431000
 1322.371642000
 1322.640990000
 1324.485437000
 1325.182646000
 1382.261119000
 1382.416623000
 1475.827790000
 1588.116447000
 1620.946669000
 1673.192530000
 1673.420466000
 1674.894624000
 1680.930702000
 1700.068585000
 1700.213135000
 1725.346984000
 1725.544328000
 1726.725568000
 1738.268291000
 1738.706307000
 1738.806952000
 1784.803793000
 1883.224576000
 2599.196960000
 2603.600336000
 2643.235147000
 2646.575725000
 2650.741901000
 2651.524475000
 2653.420675000
 2663.629080000
 2673.501676000
 2674.617334000
 2675.376291000
 2676.385739000
 2701.057820000
 2703.530215000
 2706.501237000
 2706.751073000
 2707.150521000
 2707.632969000
 3029.459793000
 3029.941875000
 3044.576431000
 3044.768419000
 3051.094245000
 3057.322504000
 3078.272314000
 3078.885084000
 3105.011188000
 3105.339630000
 3108.432021000
 3112.044120000
 3113.306276000
 3233.829646000


 P=      50.0000 V=    1213.9365 E=    -549.937132790
    0.000000000    0.000000000    0.000000000
   -0.180295000
   -0.148601000
   -0.146722000
  205.336945000
  207.440683000
  211.413979000
  211.725766000
  212.002068000
  215.208215000
  370.533082000
  379.624032000
  383.860262000
  385.656841000
  387.073387000
  387.759988000
  399.244064000
  399.509806000
  406.893507000
  412.195686000
  426.022075000
  427.030166000
  427.316912000
  438.292030000
  445.110737000
  445.258211000
  447.908808000
  458.202117000
  464.800598000
  470.059599000
  470.432493000
  500.826560000
  507.911747000
  510.176563000
  517.912351000
  519.295918000
  555.145862000
  556.741757000
  565.431544000
  584.739745000
  620.298877000
  621.129894000
  624.784826000
  648.205641000
  687.192049000
  687.876871000
  696.070473000
  703.713281000
  713.193241000
  936.752342000
  936.972205000
  954.486578000
 1027.830165000
 1031.988888000
 1033.230152000
 1053.390926000
 1060.444168000
 1063.367086000
 1068.130571000
 1076.934089000
 1080.850935000
 1085.374362000
 1091.047343000
 1093.139596000
 1095.596626000
 1098.419883000
 1107.749720000
 1136.342903000
 1137.716326000
 1142.188562000
 1143.143828000
 1144.808167000
 1145.721107000
 1178.714388000
 1194.234976000
 1197.272231000
 1201.452341000
 1202.492258000
 1241.013759000
 1257.789430000
 1261.894821000
 1316.408411000
 1381.139680000
 1384.554877000
 1390.684575000
 1392.915961000
 1393.579918000
 1404.520869000
 1405.036836000
 1419.574927000
 1457.122965000
 1459.813107000
 1460.415785000
 1460.530937000
 1526.147187000
 1528.385578000
 1571.099314000
 1620.075137000
 1636.541352000
 1690.830374000
 1692.602151000
 1694.894231000
 1700.858806000
 1716.290332000
 1717.567632000
 1744.670899000
 1745.490784000
 1752.557861000
 1761.902963000
 1763.560537000
 1771.385862000
 1853.799784000
 1945.272027000
 2191.214898000
 2199.434230000
 2234.225511000
 2239.951782000
 2241.252840000
 2255.870435000
 2262.652941000
 2266.491314000
 2270.620898000
 2272.692062000
 2277.717108000
 2280.399116000
 2299.392613000
 2304.053204000
 2313.477170000
 2313.680738000
 2314.902185000
 2318.082387000
 2844.035454000
 2845.383335000
 2852.221733000
 2859.828553000
 2861.022357000
 2864.404059000
 2924.206214000
 2925.861562000
 2944.268323000
 2952.672667000
 2953.479902000
 2953.975251000
 2956.770085000
 3141.272079000


 P=      70.0000 V=    1119.0249 E=    -549.549711540
    0.000000000    0.000000000    0.000000000
   -0.127865000
   -0.112545000
   -0.103286000
  223.030516000
  224.705093000
  227.586456000
  227.595164000
  228.069098000
  231.485993000
  396.273021000
  405.560796000
  412.649607000
  414.158899000
  415.555578000
  418.970602000
  429.661371000
  430.160733000
  445.633751000
  456.220065000
  474.257004000
  474.513146000
  476.978956000
  493.877130000
  499.499079000
  499.834409000
  510.325578000
  512.952054000
  523.321714000
  528.019334000
  528.472696000
  562.786394000
  570.411564000
  571.221308000
  589.624191000
  590.373768000
  638.551648000
  639.280601000
  644.261089000
  660.147844000
  698.592057000
  699.922243000
  712.946418000
  739.755328000
  783.701551000
  784.716863000
  790.513588000
  807.089149000
  810.768885000
 1015.991799000
 1016.311194000
 1026.510318000
 1113.447303000
 1116.087359000
 1116.742097000
 1151.605443000
 1156.329544000
 1158.082880000
 1162.106462000
 1169.820702000
 1175.534899000
 1176.939064000
 1181.717767000
 1183.355460000
 1183.572079000
 1185.205766000
 1191.530196000
 1234.181208000
 1235.795474000
 1240.223345000
 1240.480946000
 1242.939114000
 1244.785554000
 1271.559849000
 1286.306671000
 1288.331471000
 1289.041656000
 1292.362303000
 1318.832165000
 1342.499240000
 1345.586331000
 1390.689672000
 1482.663047000
 1491.040040000
 1494.955714000
 1496.132285000
 1501.811762000
 1510.585480000
 1511.309033000
 1524.774604000
 1555.714270000
 1557.834734000
 1560.155145000
 1562.184066000
 1596.206441000
 1630.720479000
 1632.312668000
 1650.941423000
 1674.235291000
 1696.083705000
 1705.401372000
 1706.751092000
 1713.155019000
 1725.759896000
 1726.893668000
 1743.449791000
 1756.291425000
 1756.919991000
 1766.388597000
 1775.547883000
 1776.843987000
 1783.256675000
 1813.726873000
 1828.685858000
 1828.719854000
 1834.969909000
 1846.402271000
 1857.691622000
 1862.755697000
 1863.805615000
 1874.024977000
 1886.660923000
 1895.712929000
 1896.438732000
 1909.165665000
 1912.957843000
 1915.359765000
 1916.189182000
 1920.284893000
 1936.918257000
 1999.904716000
 2678.097676000
 2681.730973000
 2687.868968000
 2691.350907000
 2694.879696000
 2696.910167000
 2796.814615000
 2798.892372000
 2814.022179000
 2815.297557000
 2817.700294000
 2819.761307000
 2826.526932000
 3066.528310000
 weight
 0.0 0.0 0.0 1.0
