

 #v,#q,#freq,#unit
 6, 1, 144,16
 P=      -1.0000 V=    2287.8126 E=    -550.872730330
    0.000000000    0.000000000    0.000000000
   -0.614869000
   -0.539675000
   -0.151694000
   88.776746000
   88.959881000
   89.032506000
   89.332871000
  105.850216000
  112.424277000
  112.462361000
  112.504935000
  112.559141000
  113.153659000
  115.564399000
  126.860004000
  134.770997000
  140.954173000
  141.703144000
  141.720899000
  141.941167000
  141.967357000
  149.721951000
  152.700088000
  153.539117000
  154.938941000
  155.153936000
  158.953179000
  168.043242000
  170.050210000
  174.430658000
  174.443075000
  174.541313000
  174.550091000
  178.398608000
  180.442629000
  183.087185000
  183.168798000
  183.179748000
  183.233748000
  195.786928000
  210.405805000
  211.182493000
  211.342449000
  211.372361000
  211.467153000
  216.771136000
  225.568449000
  256.139929000
  509.321661000
  522.892904000
  525.490284000
  542.349850000
  542.522909000
  542.882638000
  543.075677000
  560.887051000
  561.456704000
  567.373767000
  568.107771000
  578.174233000
  587.501800000
  587.762378000
  587.965704000
  588.096279000
  588.962240000
  601.529167000
  602.208882000
  608.287228000
  628.566429000
  634.606535000
  634.753913000
  634.985531000
  635.323749000
  730.896042000
  731.155702000
  731.354381000
  731.452153000
  743.050282000
  753.769167000
  757.075687000
  766.115212000
  779.242915000
  792.138817000
  792.389577000
  792.670198000
  792.814399000
  835.136080000
  850.475222000
  855.806828000
  860.280831000
  860.436736000
  860.723104000
  860.962042000
  875.716051000
  913.239140000
  945.458179000
 1586.527094000
 1614.417764000
 1615.703423000
 1626.098534000
 1630.189360000
 1630.952308000
 1630.961410000
 1630.984150000
 1631.073740000
 1632.679867000
 1649.614300000
 1649.631727000
 1649.671489000
 1649.769559000
 1675.338981000
 1699.674021000
 3352.454448000
 3354.638060000
 3373.452776000
 3376.495650000
 3385.955653000
 3386.278702000
 3386.331453000
 3386.583718000
 3397.987733000
 3400.026238000
 3429.028804000
 3429.331545000
 3429.761756000
 3429.867036000
 3443.492007000
 3452.047675000
 3458.341082000
 3460.641929000
 3463.434238000
 3463.868069000
 3463.935573000
 3464.214377000
 3471.648176000
 3485.951185000
 3494.674081000
 3501.318118000
 3506.157604000
 3506.317287000
 3506.457094000
 3506.530388000
 3509.080138000
 3517.543894000


 P=       0.0000 V=    2181.5784 E=    -550.872963150
    0.000000000    0.000000000    0.000000000
   -0.559831000
   -0.488920000
   -0.165788000
  109.028856000
  109.178415000
  109.276013000
  109.513111000
  112.090501000
  118.063599000
  118.710700000
  118.781893000
  118.796136000
  118.914506000
  136.890556000
  142.835616000
  149.847367000
  155.703165000
  156.313961000
  156.395108000
  156.593383000
  156.701762000
  166.353129000
  167.539249000
  167.930551000
  169.124330000
  169.515712000
  174.521710000
  182.775657000
  183.242602000
  186.031725000
  186.089156000
  186.208478000
  186.255575000
  192.713457000
  195.027329000
  199.382028000
  199.446901000
  199.466823000
  199.544327000
  214.696390000
  233.855649000
  233.992041000
  234.058152000
  234.163734000
  236.774228000
  238.615565000
  245.950721000
  279.067036000
  516.480336000
  530.809767000
  538.978070000
  554.639485000
  555.147932000
  555.881048000
  556.000594000
  571.967999000
  575.049222000
  579.013233000
  579.186374000
  591.073870000
  598.724028000
  601.677640000
  602.225888000
  602.504876000
  602.799606000
  619.581513000
  623.165065000
  628.454734000
  637.852137000
  650.957017000
  651.307862000
  651.559759000
  652.115421000
  753.142824000
  753.378961000
  753.907725000
  754.037272000
  766.738767000
  772.270268000
  774.660048000
  789.112494000
  804.601748000
  812.023611000
  812.197875000
  812.462955000
  812.566381000
  865.617464000
  871.917952000
  884.317372000
  884.959612000
  885.274392000
  885.641123000
  886.166753000
  895.284190000
  939.351575000
  973.533368000
 1584.812335000
 1615.344923000
 1616.038025000
 1628.734029000
 1632.107785000
 1632.730704000
 1632.754008000
 1632.768558000
 1632.841341000
 1635.719935000
 1652.356116000
 1652.390976000
 1652.453288000
 1652.552400000
 1678.730901000
 1707.524743000
 3335.735989000
 3338.240327000
 3364.679353000
 3367.974180000
 3370.609140000
 3370.633812000
 3370.906656000
 3371.085227000
 3374.684048000
 3376.636587000
 3427.190830000
 3427.299155000
 3427.407631000
 3427.836569000
 3436.075905000
 3436.477695000
 3436.682173000
 3438.523748000
 3438.755551000
 3439.152457000
 3439.371447000
 3439.900710000
 3454.267173000
 3480.133816000
 3488.664610000
 3491.559575000
 3494.488703000
 3494.703548000
 3494.991722000
 3495.145893000
 3496.178250000
 3502.158200000


 P=      10.0000 V=    1664.5926 E=    -550.729211670
    0.000000000    0.000000000    0.000000000
   -0.273791000
   -0.257987000
   -0.219225000
  157.517100000
  157.628707000
  157.701990000
  157.887578000
  159.300873000
  161.744389000
  243.682447000
  247.502442000
  247.831653000
  247.937505000
  248.615020000
  257.555546000
  258.676365000
  259.516130000
  260.058628000
  260.331750000
  260.669139000
  260.925772000
  269.492472000
  270.335223000
  270.433908000
  270.647109000
  271.020234000
  271.875643000
  274.849394000
  281.956876000
  286.430318000
  289.439258000
  289.702287000
  298.890577000
  315.750449000
  319.313158000
  321.146881000
  321.344810000
  321.589021000
  321.613602000
  349.761925000
  396.418857000
  396.513883000
  396.750147000
  397.221779000
  397.616882000
  407.547067000
  418.424198000
  436.324459000
  690.254819000
  692.786168000
  725.217426000
  733.031380000
  744.865833000
  745.099244000
  745.361028000
  745.831066000
  750.175667000
  751.137787000
  755.651362000
  773.959046000
  786.126424000
  787.884981000
  788.137310000
  788.345938000
  788.772291000
  800.542448000
  806.319388000
  827.535205000
  844.491443000
  845.028000000
  845.248587000
  845.691658000
  846.170511000
  956.958687000
  957.119789000
  957.716393000
  958.112305000
  969.082172000
  971.832158000
  991.024915000
  995.978393000
 1026.666984000
 1027.411479000
 1027.851633000
 1028.039822000
 1039.771485000
 1079.408479000
 1097.033615000
 1114.666312000
 1115.048999000
 1115.153790000
 1115.516038000
 1120.729736000
 1135.344775000
 1176.923592000
 1215.918691000
 1590.416947000
 1632.720360000
 1637.952508000
 1649.046863000
 1656.609102000
 1656.856631000
 1657.062716000
 1657.391578000
 1658.507766000
 1682.816149000
 1683.746968000
 1683.870474000
 1683.961017000
 1684.227831000
 1718.372565000
 1776.860506000
 3019.847975000
 3024.048980000
 3046.469509000
 3050.274561000
 3067.992420000
 3069.306109000
 3070.504947000
 3071.694467000
 3092.475675000
 3096.541724000
 3123.955482000
 3124.572664000
 3125.048074000
 3125.237349000
 3126.403426000
 3126.964749000
 3131.742815000
 3135.531707000
 3249.247686000
 3249.706584000
 3250.721003000
 3250.951157000
 3270.839321000
 3294.093528000
 3296.842199000
 3300.889572000
 3302.712753000
 3303.741929000
 3304.808570000
 3305.410380000
 3330.356801000
 3357.231582000


 P=      30.0000 V=    1361.0323 E=    -550.338442950
    0.000000000    0.000000000    0.000000000
   -0.123424000
   -0.102767000
   -0.089062000
  191.808000000
  191.853415000
  191.893555000
  191.935583000
  195.130077000
  196.583989000
  330.294532000
  335.093983000
  337.547824000
  337.611311000
  337.661392000
  337.715022000
  354.328605000
  354.412841000
  359.334004000
  360.119493000
  367.121678000
  367.184555000
  367.209693000
  367.272023000
  367.722283000
  376.222843000
  376.335784000
  376.391009000
  376.464013000
  387.558519000
  394.535552000
  403.384962000
  420.545853000
  437.115186000
  439.571859000
  440.987920000
  441.044029000
  441.098924000
  441.187386000
  462.058132000
  476.253534000
  556.333616000
  558.143072000
  558.204026000
  558.339413000
  558.385544000
  581.588805000
  587.077432000
  594.064945000
  841.485802000
  843.520388000
  868.888413000
  904.952585000
  915.513247000
  916.431810000
  921.819481000
  926.627621000
  926.688921000
  926.824101000
  927.044883000
  932.920724000
  964.073759000
  964.080833000
  964.194768000
  964.471004000
  973.507295000
  985.769798000
  985.829373000
  993.330466000
 1022.244249000
 1022.322017000
 1022.384159000
 1022.505302000
 1048.754583000
 1141.754469000
 1141.984250000
 1142.109288000
 1142.355944000
 1142.777058000
 1172.080767000
 1181.014385000
 1182.468718000
 1230.394040000
 1230.481946000
 1230.528890000
 1230.696181000
 1253.665083000
 1280.924826000
 1286.579271000
 1325.801803000
 1325.844145000
 1326.086576000
 1326.248355000
 1341.923603000
 1349.912141000
 1399.615423000
 1412.294961000
 1600.979725000
 1665.138125000
 1671.350274000
 1674.845388000
 1683.074473000
 1683.434702000
 1683.531766000
 1683.706029000
 1684.571240000
 1713.876862000
 1713.994641000
 1714.148990000
 1714.233736000
 1752.135949000
 1759.419015000
 1859.377507000
 2593.174747000
 2597.082444000
 2621.368503000
 2628.403667000
 2647.571897000
 2648.995155000
 2649.351327000
 2649.773129000
 2674.041536000
 2675.725607000
 2702.566950000
 2702.929584000
 2703.338650000
 2703.692666000
 2703.882248000
 2704.971282000
 2708.911301000
 2712.614724000
 3031.040714000
 3031.407482000
 3031.483724000
 3031.840999000
 3037.950538000
 3069.874219000
 3095.274676000
 3096.157901000
 3096.909016000
 3097.271403000
 3097.991383000
 3108.207846000
 3129.025199000
 3232.809759000


 P=      50.0000 V=    1214.6120 E=    -549.942376290
    0.000000000    0.000000000    0.000000000
   -0.170300000
   -0.159544000
   -0.132165000
  212.878654000
  212.922978000
  212.996509000
  213.030245000
  215.989038000
  217.942807000
  377.585829000
  381.370101000
  383.122262000
  383.532173000
  383.896798000
  384.073113000
  409.569214000
  413.950585000
  415.795346000
  424.457845000
  425.971556000
  434.108354000
  434.229070000
  434.356840000
  434.528344000
  455.676623000
  460.654668000
  460.955129000
  461.410524000
  461.717333000
  465.425518000
  482.715541000
  497.675552000
  522.367059000
  525.410046000
  525.433754000
  525.469844000
  525.600312000
  545.070326000
  557.585547000
  572.039587000
  670.127970000
  671.310144000
  671.488241000
  671.650128000
  671.896698000
  702.549265000
  704.029009000
  708.576712000
  939.726729000
  943.600387000
  957.173183000
 1023.372156000
 1024.924760000
 1028.320364000
 1037.954305000
 1039.919264000
 1049.648235000
 1049.815609000
 1049.981337000
 1050.224632000
 1081.816167000
 1082.003231000
 1082.128783000
 1082.298787000
 1087.543065000
 1102.590828000
 1104.117260000
 1126.409503000
 1139.387932000
 1139.639101000
 1140.223701000
 1140.408548000
 1183.197075000
 1250.948746000
 1256.937067000
 1257.121449000
 1257.515401000
 1257.866276000
 1290.295052000
 1293.417515000
 1309.659348000
 1367.140810000
 1367.238330000
 1367.593205000
 1367.887301000
 1388.703894000
 1396.809422000
 1409.140283000
 1460.261640000
 1460.417778000
 1461.019327000
 1461.302782000
 1479.757329000
 1489.982007000
 1512.442468000
 1547.759883000
 1616.576339000
 1691.121313000
 1700.614571000
 1701.831084000
 1702.184685000
 1702.436177000
 1702.518273000
 1704.205804000
 1708.642131000
 1732.797606000
 1733.140293000
 1733.170206000
 1733.652577000
 1772.028882000
 1842.594241000
 1924.984212000
 2194.844777000
 2197.070075000
 2215.741419000
 2230.261412000
 2256.745589000
 2259.543847000
 2259.881923000
 2261.989550000
 2292.924855000
 2301.431055000
 2316.701256000
 2317.633107000
 2318.347921000
 2319.410288000
 2321.111414000
 2324.443939000
 2333.299056000
 2334.509257000
 2846.744326000
 2853.517941000
 2854.111844000
 2857.886348000
 2859.082487000
 2892.328255000
 2939.698768000
 2943.638917000
 2944.716604000
 2947.842441000
 2948.779257000
 2963.212200000
 2982.403635000
 3146.581175000


 P=      70.0000 V=    1118.8377 E=    -549.550758940
    0.000000000    0.000000000    0.000000000
   -0.278006000
   -0.239897000
   -0.214584000
  228.587268000
  228.605124000
  228.614449000
  228.642816000
  229.500632000
  233.304064000
  406.514937000
  409.770576000
  411.639357000
  411.686360000
  411.752020000
  411.841239000
  439.453713000
  444.264471000
  458.357081000
  463.843969000
  478.595283000
  484.618799000
  484.664987000
  484.704853000
  484.774431000
  507.243917000
  520.658149000
  525.584040000
  525.615145000
  525.700856000
  525.770529000
  544.494886000
  546.880186000
  587.755210000
  595.818823000
  595.853421000
  595.921417000
  595.972460000
  611.980979000
  639.963911000
  668.027008000
  765.884732000
  765.911402000
  766.055555000
  766.143237000
  767.528053000
  790.381901000
  807.157322000
  813.466679000
 1020.173607000
 1025.225225000
 1028.458368000
 1111.024237000
 1113.788802000
 1124.427605000
 1134.855209000
 1140.198560000
 1152.948385000
 1152.975749000
 1153.110753000
 1153.163873000
 1177.507987000
 1177.634202000
 1177.676409000
 1177.787746000
 1178.987340000
 1193.033922000
 1199.663927000
 1234.855644000
 1235.014506000
 1235.190797000
 1235.228913000
 1246.960084000
 1286.355761000
 1328.696822000
 1343.136598000
 1343.276763000
 1343.522709000
 1343.627666000
 1351.790885000
 1365.693881000
 1426.286374000
 1460.326895000
 1479.101997000
 1479.206890000
 1479.383452000
 1479.457620000
 1492.702694000
 1507.828542000
 1563.964240000
 1563.971736000
 1564.371934000
 1564.392810000
 1573.311123000
 1580.700605000
 1600.710759000
 1638.410952000
 1661.408858000
 1693.833128000
 1696.457356000
 1708.855350000
 1710.076056000
 1710.283159000
 1710.343047000
 1710.514967000
 1720.977015000
 1743.781307000
 1743.808296000
 1743.933965000
 1743.953197000
 1755.589114000
 1776.345376000
 1777.628234000
 1792.374806000
 1796.132205000
 1834.536890000
 1835.022011000
 1836.458278000
 1837.170927000
 1893.097195000
 1899.761378000
 1902.785834000
 1902.979942000
 1903.317856000
 1905.095879000
 1914.183276000
 1916.529763000
 1930.672296000
 1933.722450000
 1942.107049000
 1985.159464000
 2656.374178000
 2683.844432000
 2684.106673000
 2685.044597000
 2685.492419000
 2727.352785000
 2787.868631000
 2807.174870000
 2807.509116000
 2808.579392000
 2808.941047000
 2819.475459000
 2849.055390000
 3065.518258000
 weight
 0.0 0.0 0.0 1.0
