

 #v,#q,#freq,#unit
 6, 1, 144,16
 P=      -1.0000 V=    2280.1502 E=    -550.872820340
    0.000000000    0.000000000    0.000000000
   -0.388759000
   -0.329030000
   -0.311353000
   73.227253000
   78.785829000
   94.670096000
  100.287352000
  105.507997000
  113.404650000
  113.539070000
  114.594337000
  114.890014000
  115.225277000
  119.878420000
  124.547169000
  133.881326000
  136.329785000
  141.928597000
  143.779184000
  146.761584000
  153.893672000
  154.684105000
  159.439200000
  160.342553000
  160.779252000
  161.385589000
  167.587173000
  168.830172000
  171.390384000
  172.681801000
  173.213721000
  174.474189000
  174.595025000
  176.096244000
  177.201502000
  179.569996000
  181.758508000
  183.052114000
  195.534468000
  202.317389000
  204.545864000
  206.705766000
  212.616590000
  214.804393000
  216.665723000
  219.215444000
  227.415876000
  252.229178000
  516.681966000
  528.920776000
  535.104941000
  539.953671000
  542.700302000
  551.504550000
  553.542910000
  561.356168000
  568.279237000
  570.456271000
  580.059525000
  585.893884000
  594.058368000
  596.198637000
  604.865400000
  606.827452000
  609.400219000
  616.141994000
  620.281143000
  625.866238000
  629.740118000
  637.133046000
  642.128811000
  646.714061000
  660.131696000
  682.415052000
  691.018710000
  705.782114000
  709.905586000
  737.627362000
  750.145504000
  757.294795000
  766.842310000
  782.189127000
  787.827705000
  806.875400000
  809.993925000
  817.184247000
  824.023921000
  828.985270000
  833.993310000
  841.693162000
  854.423889000
  864.270917000
  878.863678000
  894.604448000
  912.549159000
  950.604722000
 1592.823159000
 1600.652643000
 1610.162046000
 1619.853065000
 1620.730241000
 1630.880338000
 1635.550168000
 1637.170505000
 1640.890649000
 1648.728963000
 1652.574647000
 1654.633585000
 1656.309420000
 1662.866401000
 1679.159226000
 1704.657997000
 3348.435767000
 3351.024184000
 3373.999907000
 3381.621102000
 3384.867933000
 3390.005647000
 3394.508111000
 3396.283987000
 3397.581868000
 3398.577796000
 3400.343759000
 3403.523944000
 3403.801646000
 3405.441369000
 3446.495774000
 3451.502701000
 3452.951667000
 3453.935123000
 3460.092846000
 3478.544140000
 3479.821313000
 3481.762025000
 3483.023511000
 3483.983303000
 3486.295458000
 3488.042777000
 3488.809024000
 3491.118241000
 3497.287994000
 3500.332572000
 3503.119739000
 3509.666872000


 P=       0.0000 V=    2182.6937 E=    -550.873092580
    0.000000000    0.000000000    0.000000000
   -0.319767000
   -0.305740000
   -0.265147000
   94.150148000
   99.023434000
  110.269370000
  113.845819000
  117.267831000
  117.824555000
  118.746831000
  118.953465000
  120.060439000
  123.941979000
  132.767019000
  141.723651000
  147.519505000
  150.639667000
  155.622126000
  158.118588000
  161.180395000
  168.249923000
  168.987150000
  172.722729000
  174.020743000
  174.302127000
  174.800796000
  180.347334000
  181.543451000
  183.606519000
  184.321086000
  185.030793000
  185.130174000
  187.029675000
  188.696760000
  191.781540000
  192.784754000
  197.308119000
  199.142943000
  214.432099000
  221.616683000
  223.443999000
  227.200754000
  232.813416000
  234.197750000
  237.884964000
  240.126680000
  246.900797000
  273.469067000
  521.584827000
  533.983168000
  540.973669000
  546.108473000
  550.103475000
  558.817701000
  562.161712000
  569.519738000
  576.129313000
  579.420462000
  589.387096000
  595.487132000
  604.851483000
  607.336460000
  615.330677000
  617.790391000
  619.357477000
  629.989928000
  632.452246000
  637.464193000
  640.886827000
  648.835761000
  654.282771000
  659.751208000
  672.849319000
  695.246436000
  704.794207000
  721.018921000
  724.411836000
  753.445820000
  765.764062000
  774.437395000
  783.415519000
  799.329032000
  806.102779000
  825.460259000
  828.598021000
  836.160269000
  842.962265000
  848.230308000
  854.141053000
  862.628580000
  874.802586000
  885.590548000
  901.540444000
  916.056372000
  935.900185000
  974.219565000
 1592.259669000
 1600.910273000
 1611.076012000
 1620.870393000
 1621.864479000
 1632.418775000
 1637.671255000
 1639.288722000
 1642.954035000
 1651.959797000
 1655.580138000
 1657.844119000
 1659.323233000
 1666.937101000
 1684.535638000
 1711.554018000
 3334.439715000
 3337.251036000
 3361.207669000
 3368.796238000
 3373.847987000
 3378.170364000
 3382.736357000
 3384.796150000
 3386.370355000
 3386.953305000
 3389.990454000
 3393.812129000
 3394.717960000
 3395.924882000
 3435.270832000
 3436.774031000
 3438.614260000
 3439.449795000
 3455.690027000
 3471.238942000
 3473.435574000
 3475.096374000
 3475.904583000
 3477.583279000
 3479.465444000
 3482.121782000
 3483.131910000
 3485.276011000
 3490.686572000
 3494.192142000
 3498.006572000
 3504.852150000


 P=      10.0000 V=    1665.1656 E=    -550.728214860
    0.000000000    0.000000000    0.000000000
   -0.209553000
   -0.178375000
   -0.126890000
  154.401949000
  157.198251000
  158.642406000
  159.350872000
  160.350797000
  164.525415000
  226.699327000
  233.205724000
  244.290773000
  245.067705000
  247.648330000
  251.037863000
  255.482121000
  260.210569000
  263.971977000
  265.027788000
  267.096644000
  267.491075000
  268.130988000
  268.569667000
  269.162012000
  270.208196000
  272.248484000
  274.177648000
  278.945748000
  281.364720000
  287.048504000
  288.119132000
  292.617113000
  302.650534000
  309.685010000
  310.985679000
  313.483326000
  321.728972000
  338.288885000
  356.974828000
  369.267390000
  375.907234000
  379.090971000
  391.664772000
  394.540292000
  403.860567000
  406.492295000
  406.619569000
  442.582280000
  689.514166000
  698.124282000
  707.051321000
  729.930529000
  732.232392000
  742.881529000
  753.387995000
  754.673614000
  764.857014000
  771.009022000
  777.130138000
  779.961495000
  792.220586000
  793.407048000
  799.060961000
  804.412440000
  810.877823000
  820.179829000
  822.037214000
  828.754588000
  832.354423000
  839.830136000
  840.884933000
  853.290896000
  862.421470000
  886.593141000
  908.074871000
  918.787042000
  927.493055000
  956.618141000
  977.195027000
  979.471760000
  993.786434000
 1016.679126000
 1019.326954000
 1040.073024000
 1047.790564000
 1052.674836000
 1062.516178000
 1066.650126000
 1078.717784000
 1084.420008000
 1095.083437000
 1105.339483000
 1129.650606000
 1149.246425000
 1169.533451000
 1213.375295000
 1604.299303000
 1617.149607000
 1631.701688000
 1644.152501000
 1645.194394000
 1661.505569000
 1667.625473000
 1670.463329000
 1674.097546000
 1686.851378000
 1691.011488000
 1695.239642000
 1697.819635000
 1705.308520000
 1739.983960000
 1781.754126000
 3023.894372000
 3028.143874000
 3059.035846000
 3068.391709000
 3075.937898000
 3084.164233000
 3084.344057000
 3091.002667000
 3092.411803000
 3096.512270000
 3099.247014000
 3102.972723000
 3103.162385000
 3106.279344000
 3127.349402000
 3130.127923000
 3131.230948000
 3131.842338000
 3263.562875000
 3268.849846000
 3271.356269000
 3273.530819000
 3276.873689000
 3284.412084000
 3286.951319000
 3292.725587000
 3292.948958000
 3295.769502000
 3304.042875000
 3307.929377000
 3319.421374000
 3358.753714000


 P=      30.0000 V=    1362.5451 E=    -550.340248140
    0.000000000    0.000000000    0.000000000
   -0.125451000
   -0.100326000
   -0.082003000
  190.451501000
  190.866522000
  191.991692000
  193.900937000
  194.421838000
  198.271296000
  331.067212000
  334.004908000
  336.874297000
  337.868951000
  341.279214000
  341.388349000
  342.284540000
  345.283116000
  346.769934000
  355.670895000
  357.710922000
  361.053386000
  363.754436000
  365.038402000
  368.447981000
  369.136558000
  373.281587000
  378.820969000
  386.921316000
  390.874780000
  392.880499000
  408.659792000
  412.161111000
  415.529825000
  429.823470000
  438.163417000
  443.721410000
  453.390763000
  479.936986000
  497.774194000
  513.155027000
  519.119108000
  530.581352000
  550.972677000
  552.316056000
  565.205896000
  571.547595000
  574.579131000
  610.904724000
  836.081363000
  842.259115000
  849.907378000
  897.531934000
  898.918946000
  911.679808000
  924.926161000
  932.528690000
  940.449408000
  946.050436000
  951.050927000
  954.626103000
  960.933844000
  965.167929000
  967.815053000
  973.509519000
  984.205220000
  986.935888000
  994.345420000
 1005.575276000
 1007.067168000
 1010.137233000
 1024.549506000
 1027.710195000
 1040.853047000
 1060.163703000
 1094.625829000
 1095.913366000
 1112.568956000
 1137.321988000
 1162.457351000
 1172.054656000
 1178.663130000
 1213.595728000
 1215.903656000
 1233.108447000
 1246.734384000
 1251.972819000
 1255.772072000
 1266.383763000
 1283.541971000
 1287.517247000
 1296.240587000
 1302.968321000
 1339.129346000
 1355.062442000
 1382.644222000
 1415.451854000
 1622.415511000
 1638.609556000
 1657.292722000
 1671.560721000
 1674.106460000
 1695.175295000
 1700.168882000
 1707.609749000
 1708.620435000
 1723.392383000
 1727.358737000
 1733.418523000
 1739.955229000
 1744.418746000
 1812.230353000
 1862.687880000
 2606.025944000
 2612.019233000
 2645.115617000
 2654.936267000
 2667.865284000
 2670.744108000
 2676.950977000
 2680.410827000
 2681.966833000
 2684.773865000
 2687.959802000
 2694.936454000
 2696.221155000
 2697.342372000
 2715.307049000
 2716.434519000
 2717.777971000
 2718.806544000
 3042.587694000
 3044.306920000
 3050.410615000
 3052.517085000
 3053.183793000
 3064.318053000
 3095.147565000
 3097.474399000
 3102.212568000
 3107.204461000
 3109.605246000
 3117.741530000
 3124.787404000
 3240.216538000


 P=      50.0000 V=    1215.0635 E=    -549.942280130
    0.000000000    0.000000000    0.000000000
   -0.170244000
   -0.135585000
   -0.124329000
  212.780341000
  213.351460000
  213.523092000
  215.182212000
  216.232606000
  220.083826000
  377.699800000
  382.079891000
  383.049248000
  384.475204000
  387.962029000
  389.659831000
  392.192507000
  405.515859000
  406.491616000
  420.983386000
  428.198278000
  429.127859000
  430.314683000
  436.057092000
  438.607500000
  442.286820000
  443.348269000
  451.376476000
  456.226910000
  460.843388000
  466.713963000
  488.194547000
  493.013383000
  501.259624000
  512.188006000
  533.905495000
  543.620111000
  554.183949000
  582.233502000
  603.822640000
  613.127929000
  619.709135000
  635.392940000
  662.797592000
  664.833650000
  681.098015000
  689.605198000
  693.388668000
  729.474851000
  936.578877000
  942.805464000
  944.530421000
 1011.791371000
 1013.041428000
 1024.433414000
 1048.746919000
 1056.291666000
 1061.985782000
 1063.704682000
 1071.297483000
 1074.942649000
 1079.375583000
 1082.111251000
 1085.684389000
 1092.075204000
 1099.500656000
 1102.519770000
 1108.177912000
 1126.639135000
 1129.529378000
 1132.138887000
 1144.883601000
 1152.880186000
 1167.128575000
 1183.440421000
 1213.444848000
 1218.566257000
 1234.798372000
 1255.429589000
 1278.967527000
 1291.428699000
 1310.121118000
 1343.691882000
 1354.533531000
 1362.333458000
 1378.470235000
 1382.981661000
 1388.233823000
 1404.616121000
 1421.486960000
 1423.061279000
 1434.106120000
 1434.885226000
 1472.310379000
 1488.532952000
 1520.318657000
 1543.047417000
 1642.532335000
 1657.895337000
 1676.249034000
 1691.975911000
 1698.891506000
 1719.407050000
 1722.238171000
 1731.517943000
 1736.384151000
 1748.498911000
 1750.953370000
 1760.159329000
 1769.212966000
 1770.865285000
 1881.121437000
 1926.103392000
 2179.375976000
 2201.239209000
 2227.691397000
 2237.090590000
 2255.071982000
 2273.456827000
 2283.911246000
 2287.783200000
 2288.772348000
 2301.627411000
 2304.603587000
 2310.267429000
 2318.092852000
 2323.368623000
 2331.823781000
 2339.213532000
 2341.499716000
 2343.157542000
 2843.584289000
 2858.039809000
 2864.766752000
 2866.703171000
 2871.898015000
 2890.602748000
 2936.786227000
 2945.542272000
 2949.314451000
 2950.835728000
 2954.900467000
 2971.886106000
 2986.301314000
 3150.846798000


 P=      70.0000 V=    1119.0441 E=    -549.550826320
    0.000000000    0.000000000    0.000000000
   -0.159104000
   -0.132979000
   -0.118167000
  228.123866000
  229.131552000
  229.290295000
  230.542241000
  231.310536000
  233.659695000
  407.229439000
  409.949553000
  411.882265000
  413.176553000
  418.449882000
  420.977714000
  423.630260000
  440.550519000
  443.677719000
  470.903016000
  477.221647000
  479.104246000
  482.187998000
  487.765676000
  491.898274000
  496.916625000
  498.088455000
  505.890625000
  507.211733000
  514.821288000
  519.204062000
  551.475941000
  555.188349000
  569.921802000
  573.447611000
  618.026791000
  632.707849000
  639.969275000
  667.920416000
  690.307170000
  697.261642000
  701.659076000
  717.677378000
  751.194478000
  757.943482000
  778.364980000
  787.457762000
  794.040095000
  825.730384000
 1018.094201000
 1021.054543000
 1023.935279000
 1106.778465000
 1107.665776000
 1113.747257000
 1151.986681000
 1157.103969000
 1160.820356000
 1164.451943000
 1168.970061000
 1172.822196000
 1175.940654000
 1178.079587000
 1180.722623000
 1186.321440000
 1190.059051000
 1191.629419000
 1202.146162000
 1224.504642000
 1228.740565000
 1234.345721000
 1239.482575000
 1254.856208000
 1267.399286000
 1280.077711000
 1301.066890000
 1312.841830000
 1328.033777000
 1338.683316000
 1363.574353000
 1372.765157000
 1413.851021000
 1433.447733000
 1464.882625000
 1466.012089000
 1484.556312000
 1490.067779000
 1496.878562000
 1511.078618000
 1526.254715000
 1529.912681000
 1537.921836000
 1539.299877000
 1569.284629000
 1583.731838000
 1614.380065000
 1638.576787000
 1659.576069000
 1671.049161000
 1687.704136000
 1708.014175000
 1712.204929000
 1729.016170000
 1735.067443000
 1741.738556000
 1746.471921000
 1757.329592000
 1760.391436000
 1764.373510000
 1768.294231000
 1782.603707000
 1785.986264000
 1799.893565000
 1820.858663000
 1837.164393000
 1845.087468000
 1846.104896000
 1854.047854000
 1857.835175000
 1872.024938000
 1875.528190000
 1889.421638000
 1893.774474000
 1897.661139000
 1904.483199000
 1915.587752000
 1920.257242000
 1923.815769000
 1930.599131000
 1955.351022000
 1989.564256000
 2674.683084000
 2685.131831000
 2685.717461000
 2688.734610000
 2697.552721000
 2702.758024000
 2799.566043000
 2807.172574000
 2808.390964000
 2809.903731000
 2815.017762000
 2824.702874000
 2835.673273000
 3067.649154000
 weight
 0.0 0.0 0.0 1.0
