

 #v,#q,#freq,#unit
 6, 1, 144,16
 P=      -1.0000 V=    2297.7451 E=    -550.869370780
    0.000000000    0.000000000    0.000000000
   -0.446026000
   -0.343400000
   -0.267527000
   64.154971000
   77.627184000
   89.157849000
   97.048886000
  100.577898000
  106.365426000
  106.620197000
  109.675323000
  109.863759000
  111.840910000
  111.893125000
  125.538218000
  133.520920000
  134.263607000
  135.875224000
  139.794495000
  142.528526000
  144.900779000
  154.614228000
  155.987868000
  157.491944000
  158.235247000
  160.647889000
  162.700860000
  165.092438000
  166.779326000
  172.258475000
  172.671896000
  174.442855000
  174.971197000
  176.407677000
  177.545682000
  178.242513000
  178.851306000
  188.485018000
  193.082248000
  196.801812000
  200.348399000
  205.644169000
  210.039003000
  211.414917000
  215.394775000
  221.531975000
  224.147022000
  245.485720000
  501.794425000
  518.439651000
  530.943706000
  532.340400000
  539.391655000
  547.967871000
  549.449679000
  552.339646000
  560.751053000
  564.822582000
  578.037487000
  582.353217000
  583.868318000
  593.392311000
  595.358741000
  606.220387000
  606.757047000
  610.271434000
  613.192281000
  620.474856000
  622.889096000
  634.497499000
  635.467127000
  638.365991000
  660.613741000
  664.702660000
  682.847425000
  694.441859000
  719.065559000
  733.762298000
  735.577449000
  746.784809000
  760.167369000
  770.560379000
  776.487000000
  786.196164000
  802.495990000
  808.944382000
  809.742247000
  812.036521000
  822.805589000
  828.705722000
  832.723526000
  868.970935000
  874.841632000
  882.674008000
  902.876000000
  922.626340000
 1598.879597000
 1608.931542000
 1614.489102000
 1614.814326000
 1623.086430000
 1635.124826000
 1637.200626000
 1639.603498000
 1642.830293000
 1647.673685000
 1653.493101000
 1654.186776000
 1657.742260000
 1669.376360000
 1685.472919000
 1701.137687000
 3359.057117000
 3360.913239000
 3391.484040000
 3391.801840000
 3391.856427000
 3392.526909000
 3405.351263000
 3406.462296000
 3407.323498000
 3407.789711000
 3410.390173000
 3410.897316000
 3412.099683000
 3412.800818000
 3459.551987000
 3460.106210000
 3460.566037000
 3462.118524000
 3462.480598000
 3484.492965000
 3487.816541000
 3489.814694000
 3489.983247000
 3491.359291000
 3492.944828000
 3493.727597000
 3494.366039000
 3495.522189000
 3507.899275000
 3509.029858000
 3509.269146000
 3510.239862000


 P=       0.0000 V=    2182.9286 E=    -550.869794620
    0.000000000    0.000000000    0.000000000
   -0.328428000
   -0.301226000
   -0.234612000
   90.367353000
  100.748189000
  105.112439000
  110.029039000
  111.800313000
  112.219079000
  115.556588000
  117.035005000
  117.647080000
  121.601656000
  132.209917000
  145.877515000
  149.041114000
  150.536584000
  151.283808000
  156.078829000
  158.952686000
  160.809272000
  170.357541000
  172.700293000
  173.669352000
  174.176729000
  177.267129000
  180.073725000
  182.675647000
  183.372533000
  185.691702000
  186.633204000
  187.749444000
  188.997767000
  190.640416000
  191.875822000
  193.040237000
  197.405960000
  208.284231000
  212.887046000
  219.163194000
  224.003408000
  230.616103000
  234.416636000
  236.509614000
  238.689981000
  244.472867000
  248.068592000
  270.347043000
  515.358867000
  531.535445000
  544.136608000
  546.992084000
  554.959296000
  565.879668000
  567.319063000
  571.085787000
  579.159851000
  581.140886000
  595.143937000
  601.631156000
  603.609669000
  612.536145000
  613.731330000
  625.797628000
  625.946567000
  628.416677000
  632.760234000
  640.727819000
  643.809684000
  655.621936000
  655.755696000
  657.949892000
  680.539094000
  684.179636000
  703.003486000
  717.159480000
  741.151702000
  758.714244000
  758.993500000
  770.335810000
  784.874484000
  796.205485000
  801.898148000
  812.604231000
  829.680742000
  835.082538000
  836.557538000
  839.544560000
  851.764259000
  856.569438000
  860.774363000
  897.959334000
  904.576384000
  912.641637000
  934.934331000
  955.170622000
 1599.799150000
 1610.418725000
 1616.627381000
 1617.057201000
 1625.171668000
 1638.081911000
 1640.828176000
 1643.237250000
 1646.239972000
 1651.625691000
 1658.031529000
 1658.749748000
 1661.880925000
 1674.985713000
 1692.930036000
 1709.841520000
 3334.608639000
 3336.807016000
 3368.456264000
 3369.054972000
 3369.856501000
 3370.441112000
 3385.252768000
 3385.729028000
 3386.558623000
 3387.782150000
 3389.172789000
 3389.763197000
 3391.416106000
 3392.135730000
 3434.455518000
 3434.675239000
 3436.158707000
 3437.143256000
 3451.627702000
 3470.431486000
 3472.138422000
 3472.597834000
 3474.567914000
 3475.219463000
 3476.109459000
 3477.463436000
 3477.741701000
 3482.492094000
 3492.448961000
 3493.658643000
 3494.482609000
 3495.397180000


 P=      10.0000 V=    1664.2369 E=    -550.725070610
    0.000000000    0.000000000    0.000000000
   -0.193502000
   -0.163199000
   -0.141339000
  150.838263000
  154.497254000
  155.249021000
  156.472412000
  156.741256000
  157.707675000
  225.322740000
  236.347719000
  238.567522000
  251.021651000
  251.924565000
  253.863611000
  255.718517000
  258.603678000
  263.592009000
  266.279627000
  266.567797000
  266.903259000
  269.027345000
  269.334613000
  269.962883000
  271.763601000
  272.194934000
  276.574245000
  277.381068000
  277.845884000
  286.532108000
  292.692719000
  293.123309000
  298.941228000
  302.408517000
  311.508649000
  314.081548000
  336.096473000
  342.844524000
  349.175243000
  369.067869000
  380.623526000
  387.985384000
  391.900448000
  400.499875000
  402.429750000
  404.631217000
  407.275976000
  438.493142000
  683.565476000
  696.293178000
  705.734214000
  732.715052000
  736.549371000
  754.009588000
  760.190240000
  762.244857000
  766.466614000
  776.121007000
  783.941951000
  793.523889000
  795.127412000
  801.234671000
  803.921639000
  812.913744000
  818.741465000
  822.048973000
  824.161850000
  825.955354000
  834.615643000
  842.365091000
  849.173697000
  850.292466000
  873.000093000
  882.390408000
  897.698685000
  914.734325000
  932.030972000
  954.393295000
  963.121799000
  975.231907000
 1004.376838000
 1008.758514000
 1019.626639000
 1033.417253000
 1046.320267000
 1055.087388000
 1055.811209000
 1061.439875000
 1071.577990000
 1078.859273000
 1080.364564000
 1129.162225000
 1129.960714000
 1145.046288000
 1166.400036000
 1195.078420000
 1613.895236000
 1630.327300000
 1639.569994000
 1640.175034000
 1648.786771000
 1669.491723000
 1669.964367000
 1676.091277000
 1679.129296000
 1683.670098000
 1691.392581000
 1697.197618000
 1699.349516000
 1719.112814000
 1755.377663000
 1777.017846000
 3021.131776000
 3024.955885000
 3064.624302000
 3066.594436000
 3069.005905000
 3070.431973000
 3085.650203000
 3086.310824000
 3087.728851000
 3087.952101000
 3096.924522000
 3097.695438000
 3098.588825000
 3099.721187000
 3123.549508000
 3124.558890000
 3125.209681000
 3126.169508000
 3261.939216000
 3264.641363000
 3268.271871000
 3270.138392000
 3272.471949000
 3274.065469000
 3286.133452000
 3287.336988000
 3290.518975000
 3299.090432000
 3302.206483000
 3304.310116000
 3306.012290000
 3356.069026000


 P=      30.0000 V=    1362.2536 E=    -550.337701270
    0.000000000    0.000000000    0.000000000
   -0.095175000
   -0.092008000
   -0.080875000
  187.956135000
  190.111109000
  190.654056000
  191.465087000
  192.303690000
  193.177623000
  332.111732000
  336.871192000
  337.100524000
  339.687612000
  340.798595000
  344.266237000
  344.354246000
  345.782388000
  349.004253000
  351.579476000
  353.676327000
  359.174283000
  360.113648000
  364.582609000
  367.497643000
  370.193898000
  376.437206000
  379.201671000
  386.703074000
  391.687842000
  392.067808000
  400.787337000
  406.940238000
  415.346386000
  436.738795000
  438.776357000
  442.350819000
  476.977509000
  477.737200000
  485.772887000
  514.258899000
  531.485491000
  535.434584000
  550.113633000
  559.078482000
  565.813075000
  567.055610000
  569.916067000
  606.850022000
  832.808482000
  840.768849000
  845.614945000
  900.404852000
  901.760893000
  913.835950000
  937.536123000
  938.344227000
  943.986736000
  950.881482000
  954.108472000
  966.838261000
  967.696939000
  969.094247000
  977.197364000
  983.341073000
  986.389466000
  991.400606000
  999.831439000
 1000.333858000
 1007.708895000
 1012.179486000
 1029.997620000
 1033.506136000
 1044.707617000
 1063.325397000
 1069.893530000
 1091.482562000
 1099.930692000
 1124.676234000
 1146.424835000
 1154.291476000
 1192.503197000
 1204.011900000
 1218.023276000
 1235.518651000
 1243.495018000
 1254.098525000
 1254.446452000
 1261.947789000
 1269.012119000
 1282.653339000
 1283.479176000
 1330.430564000
 1335.440108000
 1348.986031000
 1378.057665000
 1400.727528000
 1633.615863000
 1655.992529000
 1668.636105000
 1670.699542000
 1677.575267000
 1701.379810000
 1703.964995000
 1710.804601000
 1714.491820000
 1718.273550000
 1726.894938000
 1737.566505000
 1738.423761000
 1765.052917000
 1832.468447000
 1856.349794000
 2604.659264000
 2610.227247000
 2652.024684000
 2653.631197000
 2657.122810000
 2659.205398000
 2675.039956000
 2676.127402000
 2679.675762000
 2681.309179000
 2687.454303000
 2687.665749000
 2691.035283000
 2691.653563000
 2709.902341000
 2711.612702000
 2713.523982000
 2714.374685000
 3041.615541000
 3042.697490000
 3047.201136000
 3048.103207000
 3054.386295000
 3055.322050000
 3094.164385000
 3096.206839000
 3104.107655000
 3104.779076000
 3108.782923000
 3113.248964000
 3115.110416000
 3238.412053000


 P=      50.0000 V=    1214.7604 E=    -549.940383690
    0.000000000    0.000000000    0.000000000
   -0.160687000
   -0.149155000
   -0.142984000
  210.672634000
  211.957251000
  212.505080000
  213.073260000
  213.685363000
  214.850858000
  383.579087000
  384.741787000
  385.509138000
  386.279275000
  387.603438000
  391.657045000
  395.755046000
  400.121274000
  409.753983000
  413.347397000
  420.438256000
  429.871631000
  431.552086000
  432.426318000
  438.774722000
  441.480341000
  446.725940000
  453.301291000
  460.878682000
  464.797615000
  468.501100000
  473.703750000
  482.099047000
  501.180069000
  525.625168000
  537.061332000
  544.520187000
  576.362643000
  577.980916000
  587.696192000
  614.127912000
  637.616851000
  639.367339000
  661.005701000
  673.225583000
  680.154455000
  684.585291000
  686.377654000
  725.422329000
  936.722416000
  940.391803000
  943.944138000
 1017.421892000
 1018.561897000
 1024.785289000
 1059.431367000
 1062.565181000
 1069.153871000
 1072.652915000
 1073.903170000
 1084.596018000
 1085.021713000
 1088.505571000
 1090.389511000
 1100.517829000
 1106.552457000
 1108.199672000
 1117.375132000
 1124.510438000
 1131.019676000
 1134.109262000
 1159.607662000
 1162.060287000
 1165.237134000
 1185.582906000
 1191.834302000
 1209.609059000
 1210.912704000
 1235.635091000
 1266.057544000
 1270.655941000
 1310.449245000
 1342.497389000
 1355.741784000
 1371.872188000
 1381.911076000
 1388.568482000
 1391.269836000
 1398.611631000
 1403.819238000
 1419.783924000
 1421.264246000
 1460.491306000
 1468.044121000
 1485.490199000
 1519.374136000
 1526.340198000
 1650.920002000
 1675.124641000
 1686.628090000
 1696.351161000
 1700.944049000
 1725.016552000
 1728.174483000
 1733.304558000
 1738.336928000
 1743.193255000
 1751.474457000
 1764.442534000
 1765.524784000
 1794.766921000
 1899.688630000
 1921.321053000
 2193.070126000
 2202.633738000
 2245.733720000
 2251.473596000
 2259.230198000
 2263.271561000
 2271.203904000
 2282.369274000
 2283.920893000
 2292.287494000
 2297.951541000
 2301.457202000
 2303.137575000
 2307.651678000
 2320.048781000
 2322.180170000
 2326.451846000
 2328.473577000
 2849.712939000
 2854.597439000
 2859.598955000
 2866.788993000
 2869.194945000
 2872.149675000
 2936.904449000
 2944.651970000
 2947.130309000
 2951.917458000
 2956.691247000
 2959.072025000
 2965.472956000
 3147.823113000


 P=      70.0000 V=    1119.0550 E=    -549.550204280
    0.000000000    0.000000000    0.000000000
   -0.142251000
   -0.134691000
   -0.119999000
  227.275048000
  227.780041000
  228.470567000
  229.282927000
  230.023964000
  230.288753000
  411.034471000
  412.075272000
  412.610854000
  414.560684000
  416.181269000
  422.076800000
  425.984125000
  431.861088000
  443.352044000
  461.990417000
  469.735346000
  482.156168000
  484.483536000
  485.022203000
  491.193920000
  493.988430000
  502.273258000
  512.126276000
  514.942429000
  518.195171000
  526.440842000
  530.529739000
  542.770500000
  568.885598000
  595.404917000
  618.815422000
  632.880595000
  658.829061000
  660.305134000
  674.626446000
  693.832742000
  722.584022000
  724.936027000
  749.353614000
  768.542037000
  774.464055000
  782.356665000
  782.939238000
  822.186535000
 1017.903158000
 1019.400139000
 1021.341918000
 1108.665839000
 1109.121604000
 1113.651972000
 1158.859560000
 1162.870999000
 1167.612194000
 1168.332384000
 1168.440379000
 1175.350079000
 1177.178318000
 1181.303704000
 1182.496323000
 1189.076450000
 1193.744173000
 1197.154892000
 1216.757424000
 1222.365770000
 1224.030586000
 1235.347471000
 1254.795348000
 1262.005313000
 1267.898468000
 1275.833572000
 1292.739125000
 1293.556204000
 1300.848168000
 1318.751505000
 1348.893504000
 1352.302775000
 1391.869509000
 1454.525064000
 1468.085732000
 1480.143857000
 1487.350804000
 1495.490834000
 1500.444476000
 1507.918457000
 1511.312782000
 1524.190737000
 1527.578735000
 1554.274039000
 1566.313267000
 1581.703966000
 1614.923779000
 1624.786006000
 1667.078995000
 1686.819683000
 1697.002266000
 1709.458889000
 1716.535894000
 1734.517061000
 1735.917140000
 1745.613942000
 1747.796431000
 1748.843046000
 1760.723314000
 1761.105948000
 1775.312845000
 1786.973499000
 1789.099988000
 1805.466139000
 1826.870746000
 1832.783066000
 1845.300237000
 1848.885531000
 1856.017418000
 1864.276199000
 1870.482143000
 1884.352448000
 1892.237957000
 1892.986097000
 1898.197016000
 1905.619634000
 1906.192700000
 1912.731578000
 1918.782644000
 1920.895669000
 1967.816499000
 1985.117419000
 2676.896876000
 2681.283887000
 2688.630039000
 2691.829005000
 2696.910038000
 2699.113010000
 2800.607199000
 2807.105276000
 2811.934796000
 2813.249344000
 2816.260587000
 2821.420985000
 2826.257874000
 3067.634221000
 weight
 0.0 0.0 0.0 1.0
