

 #v,#q,#freq,#unit
 6, 1, 144,16
 P=      -1.0000 V=    2287.3404 E=    -550.868450890
    0.000000000    0.000000000    0.000000000
   -0.346432000
   -0.300533000
   -0.253394000
   53.750025000
   79.500360000
   93.074362000
   93.279637000
  109.394818000
  109.592723000
  110.839652000
  110.948580000
  116.549786000
  124.941046000
  131.940574000
  137.538076000
  137.645568000
  141.404129000
  141.500750000
  142.884754000
  150.597315000
  150.674728000
  152.599377000
  152.691016000
  154.551444000
  157.977240000
  159.088133000
  159.236836000
  159.298408000
  170.358364000
  170.397554000
  172.897487000
  173.614782000
  174.068089000
  177.962475000
  178.975158000
  183.170570000
  183.256091000
  185.987144000
  195.838031000
  195.944219000
  207.559342000
  207.654559000
  215.259641000
  218.608538000
  219.143075000
  219.230825000
  219.326807000
  236.973931000
  524.205023000
  524.421349000
  530.700066000
  544.213757000
  552.172604000
  552.805411000
  557.032810000
  560.096289000
  561.407990000
  566.151651000
  566.577809000
  587.528357000
  593.795243000
  599.236385000
  599.954786000
  602.641539000
  615.587264000
  616.160036000
  620.122212000
  624.846599000
  632.231629000
  641.262546000
  641.688656000
  649.351434000
  657.307492000
  674.669691000
  675.250374000
  680.750609000
  724.836692000
  737.865549000
  749.461827000
  756.862427000
  757.340340000
  764.913828000
  765.563961000
  765.909015000
  798.214466000
  801.354416000
  820.871640000
  821.132704000
  832.274817000
  832.488028000
  833.178691000
  833.634571000
  844.297988000
  897.433790000
  898.162284000
  951.904170000
 1596.957561000
 1604.106792000
 1606.899726000
 1607.254998000
 1610.955357000
 1618.472395000
 1644.472150000
 1644.638997000
 1653.694662000
 1653.785206000
 1662.744398000
 1667.562256000
 1674.442624000
 1674.838100000
 1681.334705000
 1697.120223000
 3346.206822000
 3347.026564000
 3382.342739000
 3383.885216000
 3389.397324000
 3390.612901000
 3390.804523000
 3391.252459000
 3392.021075000
 3392.228430000
 3409.856237000
 3410.244996000
 3411.335421000
 3411.647215000
 3447.306664000
 3451.037411000
 3456.692604000
 3458.144683000
 3461.776894000
 3478.997850000
 3479.512573000
 3479.611779000
 3482.620012000
 3483.002111000
 3492.705369000
 3493.228131000
 3496.134151000
 3496.599057000
 3499.954338000
 3505.463608000
 3506.956305000
 3509.106851000


 P=       0.0000 V=    2185.0105 E=    -550.867755000
    0.000000000    0.000000000    0.000000000
   -0.323900000
   -0.274786000
   -0.261442000
   79.235403000
   97.286117000
  112.527870000
  112.595538000
  113.173882000
  113.385290000
  114.691977000
  114.724217000
  120.115927000
  136.317947000
  145.682052000
  151.740150000
  151.927664000
  156.961242000
  157.125645000
  160.746470000
  163.280352000
  163.337721000
  166.581235000
  166.622815000
  168.667293000
  171.127261000
  172.603945000
  172.629382000
  176.405130000
  182.592384000
  182.649381000
  184.563045000
  185.243829000
  185.984974000
  191.789910000
  198.498985000
  198.655774000
  199.611506000
  206.842685000
  214.248911000
  214.303445000
  228.431656000
  228.512383000
  232.036426000
  238.914507000
  239.056613000
  241.086540000
  243.470381000
  256.146704000
  531.628342000
  531.969702000
  547.079398000
  560.191767000
  566.509245000
  570.036085000
  570.506725000
  572.262786000
  573.160007000
  576.187541000
  576.685541000
  595.033279000
  608.585361000
  615.020703000
  615.126077000
  615.545137000
  623.224580000
  623.931099000
  629.617787000
  633.991283000
  647.939781000
  654.527340000
  655.034450000
  659.546263000
  668.754760000
  684.305894000
  684.974560000
  697.667002000
  740.726419000
  757.465102000
  765.092027000
  779.013373000
  779.590459000
  782.892235000
  783.492780000
  784.435775000
  820.338499000
  822.557580000
  841.531330000
  841.750929000
  851.178746000
  851.913991000
  852.589635000
  852.870200000
  856.750527000
  915.031899000
  915.618837000
  973.398750000
 1594.373583000
 1600.810630000
 1604.027516000
 1604.118499000
 1608.367681000
 1616.719981000
 1644.377109000
 1644.515925000
 1654.952314000
 1655.039616000
 1663.894352000
 1671.155869000
 1678.760837000
 1678.937504000
 1688.146733000
 1702.296627000
 3334.731816000
 3336.061623000
 3365.530534000
 3368.001451000
 3375.495505000
 3378.308861000
 3383.377633000
 3384.015228000
 3384.376695000
 3386.415937000
 3393.353657000
 3394.074798000
 3395.198430000
 3395.628131000
 3438.266697000
 3439.135679000
 3440.608504000
 3442.224469000
 3454.781645000
 3473.328137000
 3474.060286000
 3477.276490000
 3478.029571000
 3479.009318000
 3480.027059000
 3480.491927000
 3484.845763000
 3485.428758000
 3490.015308000
 3497.860348000
 3497.988223000
 3502.511546000


 P=      10.0000 V=    1663.9795 E=    -550.723566660
    0.000000000    0.000000000    0.000000000
   -0.247376000
   -0.194961000
   -0.189938000
  152.280224000
  154.031284000
  157.425239000
  157.451416000
  163.979973000
  180.885178000
  213.450285000
  227.505306000
  241.909639000
  242.096787000
  251.788881000
  252.074697000
  259.700792000
  260.426230000
  260.619826000
  263.990874000
  264.392702000
  264.517166000
  267.474082000
  268.870479000
  270.501019000
  270.772221000
  271.961442000
  272.705474000
  272.814107000
  279.063996000
  280.153491000
  290.326548000
  290.415636000
  310.784842000
  320.813121000
  326.587839000
  326.761647000
  346.475358000
  346.577450000
  353.972671000
  356.236628000
  380.247318000
  387.632395000
  387.920421000
  391.747458000
  391.780389000
  411.009189000
  413.457909000
  422.329460000
  695.412540000
  695.662302000
  705.188466000
  737.961801000
  744.480710000
  744.636718000
  758.764119000
  767.957576000
  771.089278000
  771.502460000
  772.662925000
  786.063433000
  796.322024000
  810.980807000
  811.794389000
  812.548795000
  815.056272000
  815.986504000
  817.081067000
  819.222229000
  830.867559000
  842.712225000
  843.051893000
  858.798289000
  860.118461000
  886.525296000
  887.532903000
  894.554475000
  947.270992000
  953.230694000
  984.537045000
  995.028521000
  995.548228000
 1000.202739000
 1001.278236000
 1010.489708000
 1041.744939000
 1052.054394000
 1070.559318000
 1070.911474000
 1075.782652000
 1076.550085000
 1083.415888000
 1084.177230000
 1089.771691000
 1154.359265000
 1155.109477000
 1223.975178000
 1605.993505000
 1623.559829000
 1629.325379000
 1629.438840000
 1635.607543000
 1638.490830000
 1674.918257000
 1675.162488000
 1693.135988000
 1693.251577000
 1705.057077000
 1711.241380000
 1720.892073000
 1721.145515000
 1748.585828000
 1773.538459000
 3012.992007000
 3019.134059000
 3059.908356000
 3063.789478000
 3071.907487000
 3075.281182000
 3076.827783000
 3079.955745000
 3080.467840000
 3086.096156000
 3097.885504000
 3099.675883000
 3100.980478000
 3101.899488000
 3121.610289000
 3123.446351000
 3125.755302000
 3126.864529000
 3258.000705000
 3261.007610000
 3267.799826000
 3268.860974000
 3272.852368000
 3277.748127000
 3280.660146000
 3289.703948000
 3291.076330000
 3292.444702000
 3295.731264000
 3305.851174000
 3310.717028000
 3352.510480000


 P=      30.0000 V=    1361.1169 E=    -550.334189890
    0.000000000    0.000000000    0.000000000
   -0.093021000
   -0.083649000
   -0.066563000
  186.390146000
  189.036591000
  192.975957000
  192.998944000
  198.932566000
  214.311617000
  315.304575000
  323.297645000
  334.432048000
  334.477229000
  339.794942000
  342.404240000
  345.759707000
  346.856988000
  348.251360000
  348.318174000
  350.634598000
  364.607423000
  367.636116000
  367.699789000
  369.524405000
  373.838146000
  373.857013000
  374.063816000
  374.127018000
  385.120543000
  388.699743000
  399.678812000
  399.721055000
  455.731268000
  457.063791000
  457.076712000
  469.769318000
  483.214011000
  483.272145000
  492.513361000
  494.653549000
  528.704862000
  535.320394000
  535.345811000
  548.384004000
  548.434415000
  577.413392000
  580.744959000
  592.784504000
  842.414364000
  842.462693000
  850.129312000
  905.200156000
  910.679760000
  910.861903000
  936.513390000
  947.840382000
  947.927828000
  948.533629000
  951.208129000
  960.023156000
  973.568870000
  983.590257000
  984.509607000
  987.234208000
  987.379636000
  989.941220000
  990.016575000
  990.406009000
  996.387844000
 1024.318317000
 1024.546934000
 1032.250087000
 1040.041392000
 1064.156525000
 1064.379940000
 1071.751487000
 1118.126129000
 1122.739307000
 1180.582587000
 1192.389217000
 1192.509705000
 1198.820747000
 1199.005429000
 1217.116510000
 1248.260663000
 1259.008164000
 1274.529684000
 1274.691586000
 1280.691965000
 1281.036897000
 1287.817834000
 1287.983507000
 1293.851672000
 1368.509160000
 1368.589661000
 1432.651985000
 1622.252045000
 1647.512054000
 1656.485501000
 1656.605954000
 1661.138135000
 1662.346992000
 1705.116135000
 1705.249519000
 1731.745893000
 1731.834745000
 1747.708494000
 1754.131542000
 1763.936683000
 1764.063871000
 1827.527612000
 1858.021366000
 2592.461275000
 2594.600204000
 2642.411275000
 2646.609106000
 2650.108230000
 2656.120891000
 2659.674319000
 2659.952130000
 2664.800485000
 2665.060873000
 2682.481560000
 2682.578117000
 2686.154412000
 2686.245475000
 2698.978274000
 2703.078192000
 2705.053816000
 2707.249266000
 3031.810326000
 3031.976042000
 3040.897363000
 3041.001843000
 3047.459737000
 3057.796961000
 3081.444223000
 3081.573409000
 3097.612003000
 3097.709388000
 3108.509054000
 3108.672553000
 3109.555630000
 3230.448712000


 P=      50.0000 V=    1215.4709 E=    -549.941875030
    0.000000000    0.000000000    0.000000000
   -0.127300000
   -0.113681000
   -0.098018000
  208.245010000
  210.455896000
  213.938774000
  214.085469000
  218.950986000
  232.973358000
  366.349488000
  370.573593000
  380.561307000
  380.795028000
  386.174848000
  392.397421000
  402.901855000
  402.977649000
  407.009542000
  407.169952000
  408.750156000
  436.328342000
  436.356599000
  439.904047000
  440.532301000
  440.570576000
  441.321237000
  450.188432000
  450.236092000
  456.374782000
  461.382885000
  474.649336000
  474.710678000
  551.370732000
  551.865248000
  563.439988000
  576.956754000
  579.116652000
  581.247989000
  581.536450000
  584.021239000
  633.944907000
  636.399672000
  636.563045000
  656.383425000
  656.641002000
  693.295158000
  700.842138000
  713.282589000
  936.873668000
  937.099238000
  942.448105000
 1014.365461000
 1018.260352000
 1018.631306000
 1056.149847000
 1064.573603000
 1064.643684000
 1066.313587000
 1067.772790000
 1076.972997000
 1090.357860000
 1090.674302000
 1094.492071000
 1095.798837000
 1096.132524000
 1102.822022000
 1103.097092000
 1106.744913000
 1106.994438000
 1147.543378000
 1149.168372000
 1149.505789000
 1160.146443000
 1177.251404000
 1177.597105000
 1186.912003000
 1217.440324000
 1231.014408000
 1303.966773000
 1310.534708000
 1311.007017000
 1335.888834000
 1336.196228000
 1355.754162000
 1384.622772000
 1393.046233000
 1407.131523000
 1407.419706000
 1414.646402000
 1414.850712000
 1417.035779000
 1417.180517000
 1423.721033000
 1505.846884000
 1506.600792000
 1549.723377000
 1642.383237000
 1663.936063000
 1677.523887000
 1680.657500000
 1680.855024000
 1681.752792000
 1722.343412000
 1722.524977000
 1754.955174000
 1755.044127000
 1776.616308000
 1780.284987000
 1790.730816000
 1791.024936000
 1894.703293000
 1924.377483000
 2208.483619000
 2213.003426000
 2263.700496000
 2266.186057000
 2274.033081000
 2277.990965000
 2279.075757000
 2282.534828000
 2289.887655000
 2293.583066000
 2307.850113000
 2309.000024000
 2316.537858000
 2317.326171000
 2323.512840000
 2330.475714000
 2333.188538000
 2337.618651000
 2856.045956000
 2858.032918000
 2868.708203000
 2868.977646000
 2874.321041000
 2879.663926000
 2938.770075000
 2940.209284000
 2957.485243000
 2958.029744000
 2963.344163000
 2965.904522000
 2969.123785000
 3149.609271000


 P=      70.0000 V=    1120.0761 E=    -549.554523300
    0.000000000    0.000000000    0.000000000
   -0.121690000
   -0.094420000
   -0.086088000
  224.339931000
  225.917362000
  228.775825000
  228.798347000
  231.820887000
  242.169693000
  392.625656000
  396.742850000
  409.120650000
  409.174973000
  416.089510000
  427.812536000
  433.001291000
  433.081893000
  443.048162000
  451.530366000
  454.243714000
  487.570793000
  487.680142000
  491.289826000
  491.335127000
  502.237004000
  505.441307000
  512.147668000
  512.203734000
  514.035752000
  522.441042000
  536.357948000
  536.429172000
  632.000309000
  632.145098000
  637.980661000
  644.199885000
  657.277837000
  664.552675000
  664.628100000
  668.528101000
  718.679504000
  718.739587000
  721.883626000
  743.338091000
  743.438616000
  791.726289000
  804.379331000
  815.007363000
 1014.567491000
 1014.667251000
 1018.655775000
 1105.344123000
 1107.939994000
 1108.046444000
 1155.926354000
 1160.291517000
 1160.365253000
 1161.643319000
 1161.798537000
 1168.357200000
 1177.996166000
 1182.380983000
 1183.097377000
 1183.257086000
 1183.375614000
 1189.964043000
 1199.190946000
 1204.100783000
 1204.237699000
 1245.301656000
 1251.868202000
 1251.890031000
 1259.600528000
 1266.467895000
 1266.656156000
 1278.072622000
 1293.793775000
 1311.026647000
 1389.615057000
 1389.828311000
 1390.016822000
 1452.219279000
 1452.350389000
 1468.427071000
 1497.649094000
 1498.305057000
 1511.112511000
 1511.260142000
 1518.746982000
 1518.895152000
 1520.073230000
 1521.358463000
 1522.061564000
 1607.919321000
 1609.019892000
 1609.141192000
 1669.388901000
 1677.571939000
 1690.561711000
 1692.919942000
 1703.714730000
 1703.741313000
 1730.365060000
 1730.467160000
 1765.978984000
 1767.428914000
 1767.479514000
 1796.836386000
 1799.958052000
 1800.721638000
 1800.880920000
 1839.825418000
 1849.537983000
 1855.471029000
 1878.192932000
 1879.456037000
 1882.742231000
 1883.974866000
 1901.999669000
 1902.585906000
 1903.436293000
 1904.490503000
 1919.151778000
 1922.637335000
 1923.814927000
 1928.410343000
 1937.621559000
 1944.935384000
 1966.032352000
 1988.361588000
 2696.247843000
 2696.721969000
 2699.978258000
 2700.642342000
 2708.554738000
 2709.297635000
 2814.934328000
 2815.350045000
 2823.576582000
 2823.963239000
 2828.111636000
 2832.111047000
 2832.813124000
 3075.573118000
 weight
 0.0 0.0 0.0 1.0
