

 #v,#q,#freq,#unit
 6, 1, 144,16
 P=      -1.0000 V=    2291.5064 E=    -550.868867960
    0.000000000    0.000000000    0.000000000
   -0.431680000
   -0.396494000
   -0.347576000
   86.472906000
   87.490327000
   92.233126000
   94.507646000
  100.337570000
  104.483337000
  106.501254000
  107.470259000
  108.690241000
  109.962436000
  113.246262000
  113.509174000
  138.682303000
  140.258002000
  141.768364000
  143.041749000
  145.350853000
  148.416668000
  149.278123000
  155.039966000
  155.757356000
  160.393475000
  161.067464000
  163.673719000
  165.263569000
  168.652709000
  171.242387000
  171.704914000
  172.153048000
  176.645532000
  177.757136000
  179.381095000
  179.430611000
  182.904558000
  183.225980000
  192.023757000
  196.298796000
  203.018187000
  208.898833000
  209.983186000
  214.868002000
  216.775167000
  218.208758000
  235.207571000
  243.057228000
  507.948798000
  508.997906000
  536.123375000
  542.768371000
  553.305971000
  557.310539000
  559.126147000
  559.467507000
  561.147211000
  566.771122000
  574.634706000
  576.665773000
  587.821593000
  590.823288000
  593.082945000
  599.392949000
  605.086552000
  610.804421000
  615.670047000
  618.161499000
  621.810988000
  633.746639000
  639.179615000
  646.621567000
  663.613484000
  673.124682000
  689.085828000
  697.803804000
  712.480773000
  735.287306000
  741.764451000
  763.822943000
  769.264282000
  774.204885000
  789.660656000
  804.479742000
  808.124300000
  814.453055000
  815.201859000
  824.443948000
  827.344300000
  831.126700000
  836.758404000
  847.091263000
  877.813865000
  895.610195000
  906.360917000
  931.148580000
 1602.322245000
 1609.524254000
 1612.253782000
 1614.586711000
 1623.152544000
 1623.736319000
 1642.452355000
 1644.446121000
 1645.702710000
 1649.981964000
 1651.878373000
 1661.278079000
 1665.672375000
 1668.618100000
 1676.047953000
 1704.963636000
 3354.128221000
 3355.266518000
 3382.817813000
 3383.141145000
 3388.879738000
 3390.223221000
 3401.133993000
 3402.379798000
 3403.846718000
 3404.757193000
 3405.713788000
 3406.509102000
 3407.208292000
 3407.940294000
 3452.287460000
 3455.290508000
 3455.838867000
 3457.060098000
 3461.883451000
 3480.427500000
 3484.198419000
 3486.184432000
 3487.041661000
 3488.315710000
 3488.409800000
 3489.823020000
 3490.000743000
 3491.758182000
 3503.318662000
 3504.666805000
 3506.787434000
 3506.993248000


 P=       0.0000 V=    2183.2451 E=    -550.869323890
    0.000000000    0.000000000    0.000000000
   -0.442678000
   -0.424027000
   -0.360242000
  104.714832000
  105.902264000
  106.928013000
  109.626627000
  111.583984000
  113.879818000
  113.966433000
  114.340077000
  116.524478000
  118.797331000
  131.148390000
  132.217525000
  153.324413000
  155.020697000
  156.574148000
  158.715373000
  160.362338000
  164.651615000
  164.739708000
  170.362785000
  170.984832000
  176.417780000
  177.402856000
  179.589364000
  181.722892000
  183.247837000
  185.245694000
  185.890298000
  186.416762000
  190.019542000
  190.022498000
  190.410508000
  195.269146000
  197.947597000
  198.548720000
  210.810257000
  217.454189000
  226.603059000
  230.999935000
  231.152744000
  238.384322000
  239.868789000
  240.582387000
  256.565261000
  265.612846000
  517.254755000
  518.457243000
  545.953831000
  555.086868000
  567.397601000
  570.523982000
  572.369855000
  573.283426000
  573.935052000
  578.725855000
  589.961422000
  591.110464000
  602.305279000
  604.107384000
  608.856734000
  613.710492000
  619.802973000
  625.536038000
  629.678803000
  633.442606000
  638.092653000
  649.592151000
  655.937786000
  661.729897000
  679.821125000
  691.147894000
  706.889050000
  717.063184000
  731.091806000
  755.698135000
  760.359137000
  785.937163000
  792.427756000
  796.774791000
  813.249244000
  826.782469000
  832.466894000
  838.393537000
  838.682106000
  848.205343000
  852.007466000
  856.302220000
  860.395907000
  872.464916000
  903.419518000
  920.271767000
  934.523927000
  961.028732000
 1600.871133000
 1608.997227000
 1611.160006000
 1613.808854000
 1623.100936000
 1623.435690000
 1643.508486000
 1645.547621000
 1646.429362000
 1651.558899000
 1653.244197000
 1663.674552000
 1667.996806000
 1670.908157000
 1679.848043000
 1711.181251000
 3334.431568000
 3335.808249000
 3365.108344000
 3365.403949000
 3372.084580000
 3373.208036000
 3386.296369000
 3386.506201000
 3387.356201000
 3389.683183000
 3389.727803000
 3389.882290000
 3391.186895000
 3391.575614000
 3435.989925000
 3436.128927000
 3436.906984000
 3438.134777000
 3453.170756000
 3472.677495000
 3473.825148000
 3474.613043000
 3474.674846000
 3475.362819000
 3478.229568000
 3479.012225000
 3479.678549000
 3482.630976000
 3493.548850000
 3494.916183000
 3496.998046000
 3497.202183000


 P=      10.0000 V=    1664.5031 E=    -550.724765180
    0.000000000    0.000000000    0.000000000
   -0.161165000
   -0.150434000
   -0.121802000
  148.600408000
  152.758835000
  154.027760000
  155.332535000
  156.293554000
  157.779736000
  236.455296000
  237.251529000
  240.474513000
  243.867533000
  250.328496000
  255.520129000
  259.029587000
  259.235511000
  260.642496000
  263.196667000
  266.561141000
  266.995998000
  268.493393000
  270.364834000
  270.659316000
  271.369035000
  272.848721000
  274.565841000
  278.469346000
  279.510338000
  287.179392000
  294.222385000
  302.731611000
  302.999738000
  304.833001000
  312.433126000
  318.314652000
  318.794135000
  322.710436000
  352.694667000
  364.869507000
  383.169660000
  388.885917000
  392.847842000
  401.491887000
  404.105893000
  406.778240000
  414.798631000
  429.657172000
  684.858334000
  688.528794000
  707.607601000
  743.229611000
  751.471418000
  752.877048000
  756.795814000
  762.332504000
  768.626253000
  769.895333000
  775.101679000
  781.847752000
  787.998272000
  791.210433000
  797.559393000
  797.924963000
  804.924696000
  813.186036000
  815.863729000
  828.352073000
  839.332811000
  841.173652000
  847.963915000
  852.864624000
  870.588943000
  883.948056000
  902.463631000
  917.728671000
  927.231551000
  962.526181000
  964.416624000
  996.793468000
 1006.084985000
 1013.300432000
 1029.254546000
 1045.480719000
 1053.557739000
 1057.014445000
 1062.482610000
 1069.840504000
 1076.733850000
 1077.115687000
 1089.597304000
 1098.829434000
 1133.105048000
 1152.847895000
 1174.423761000
 1201.686110000
 1613.691871000
 1629.333257000
 1632.248949000
 1637.223527000
 1645.816154000
 1649.054129000
 1673.329288000
 1677.599364000
 1678.060913000
 1686.546563000
 1689.231554000
 1701.392145000
 1706.262329000
 1709.413413000
 1740.499250000
 1780.225087000
 3019.046879000
 3022.717794000
 3058.855604000
 3059.141622000
 3070.372862000
 3072.065190000
 3084.136624000
 3085.988485000
 3086.964247000
 3089.220526000
 3100.891426000
 3101.447022000
 3102.387699000
 3102.723470000
 3124.225963000
 3124.283799000
 3126.925179000
 3127.536597000
 3261.590946000
 3263.493932000
 3266.522792000
 3270.056591000
 3273.056558000
 3274.734915000
 3284.909033000
 3291.599121000
 3291.918741000
 3301.867934000
 3303.655985000
 3304.907376000
 3307.527713000
 3355.896100000


 P=      30.0000 V=    1361.3840 E=    -550.335603630
    0.000000000    0.000000000    0.000000000
   -0.167796000
   -0.156271000
   -0.139961000
  185.898908000
  189.112741000
  189.650456000
  190.601144000
  192.939756000
  194.828912000
  331.117179000
  333.778762000
  337.026855000
  338.320805000
  339.100584000
  339.478005000
  344.964976000
  346.779215000
  351.381608000
  353.202148000
  356.133735000
  361.116193000
  363.352094000
  366.074550000
  367.051729000
  372.719060000
  378.800649000
  382.167379000
  384.233399000
  395.687399000
  403.226493000
  403.358896000
  420.555157000
  427.863902000
  434.896963000
  437.570148000
  444.211045000
  449.306620000
  455.892959000
  494.820023000
  506.937545000
  533.872965000
  548.296532000
  551.190540000
  559.871010000
  568.898743000
  572.742457000
  576.939720000
  593.207361000
  836.688511000
  839.441873000
  850.917099000
  910.938545000
  914.203767000
  916.527375000
  937.107863000
  938.554016000
  945.151815000
  950.144185000
  956.764454000
  959.501348000
  961.698023000
  965.964158000
  970.615076000
  972.048418000
  977.819302000
  985.644766000
  990.042432000
 1005.382634000
 1011.440254000
 1019.070473000
 1037.523418000
 1037.826449000
 1047.344308000
 1058.805635000
 1080.354532000
 1095.234163000
 1100.494155000
 1145.888771000
 1151.307181000
 1187.102392000
 1190.265758000
 1220.633816000
 1226.360091000
 1245.771666000
 1257.043727000
 1257.284282000
 1267.953420000
 1276.457013000
 1277.698556000
 1282.245064000
 1298.162053000
 1303.589516000
 1343.064898000
 1366.574894000
 1383.171531000
 1407.244375000
 1632.420228000
 1652.497414000
 1663.210321000
 1670.174977000
 1670.497885000
 1679.223312000
 1704.383953000
 1711.123423000
 1712.316673000
 1722.295794000
 1730.243359000
 1741.267986000
 1744.214421000
 1746.861067000
 1819.149497000
 1859.809971000
 2594.681314000
 2599.299617000
 2643.950907000
 2644.735173000
 2645.915958000
 2649.156014000
 2662.820486000
 2664.784063000
 2667.821465000
 2672.280993000
 2685.393012000
 2685.633950000
 2690.194425000
 2691.024619000
 2702.698738000
 2704.055229000
 2707.880763000
 2708.160442000
 3034.449825000
 3036.682799000
 3042.280686000
 3044.718442000
 3047.344195000
 3049.989605000
 3084.385182000
 3095.783086000
 3099.392192000
 3101.354717000
 3104.951135000
 3108.852760000
 3110.473381000
 3233.817602000


 P=      50.0000 V=    1214.8115 E=    -549.939973460
    0.000000000    0.000000000    0.000000000
   -0.167327000
   -0.144147000
   -0.131925000
  209.555207000
  211.750472000
  212.644679000
  213.384496000
  216.064132000
  218.316033000
  379.487422000
  380.455599000
  384.102299000
  385.412477000
  386.969609000
  387.603605000
  399.332272000
  403.966563000
  409.882794000
  415.992156000
  422.315904000
  426.189944000
  430.264416000
  432.666380000
  432.795495000
  445.716666000
  452.454613000
  456.459839000
  458.656800000
  469.302673000
  476.875561000
  486.975826000
  500.510282000
  509.316387000
  519.197767000
  531.407609000
  540.162168000
  549.531561000
  556.206116000
  594.699176000
  604.357673000
  641.161599000
  657.222779000
  660.986785000
  671.613415000
  686.106601000
  689.939304000
  693.043157000
  706.157645000
  937.028895000
  938.270367000
  945.241854000
 1018.335363000
 1024.327934000
 1025.115048000
 1055.678765000
 1058.847883000
 1062.424560000
 1069.399920000
 1072.673818000
 1077.799976000
 1079.551279000
 1081.998811000
 1086.994422000
 1089.182848000
 1093.283370000
 1098.940359000
 1114.836981000
 1125.688218000
 1129.216772000
 1136.082733000
 1164.617782000
 1166.439847000
 1168.700995000
 1171.788474000
 1196.867831000
 1210.548145000
 1213.094058000
 1261.481597000
 1267.128644000
 1302.510196000
 1306.892672000
 1355.311296000
 1361.113097000
 1377.899050000
 1391.822212000
 1391.856068000
 1402.290340000
 1410.243839000
 1412.472147000
 1417.414698000
 1430.166506000
 1439.421419000
 1476.083900000
 1506.982586000
 1513.521209000
 1529.297495000
 1651.289831000
 1668.567878000
 1686.276804000
 1692.175588000
 1701.142311000
 1701.949196000
 1724.097397000
 1732.878353000
 1734.165259000
 1745.081118000
 1758.155377000
 1768.547217000
 1769.708444000
 1773.220584000
 1888.962399000
 1923.319848000
 2195.998703000
 2199.226059000
 2245.282773000
 2250.408967000
 2254.224494000
 2256.552749000
 2265.005546000
 2269.827899000
 2280.733072000
 2288.004074000
 2302.968251000
 2308.221776000
 2311.916149000
 2315.499260000
 2321.255368000
 2326.898071000
 2329.752677000
 2329.867360000
 2850.507848000
 2852.050221000
 2857.021160000
 2862.246874000
 2872.094132000
 2876.071497000
 2933.508324000
 2945.398572000
 2945.400419000
 2950.527676000
 2956.976284000
 2965.192188000
 2966.254889000
 3146.793505000


 P=      70.0000 V=    1119.2020 E=    -549.550757800
    0.000000000    0.000000000    0.000000000
   -0.209419000
   -0.189953000
   -0.154527000
  225.788159000
  227.374246000
  228.227674000
  228.544164000
  229.366109000
  232.009917000
  405.067478000
  407.709498000
  409.893067000
  414.743499000
  414.789025000
  416.644012000
  429.483619000
  436.480758000
  443.558467000
  462.603165000
  472.011194000
  475.102056000
  480.470539000
  486.666994000
  491.861954000
  501.054898000
  510.483406000
  512.049012000
  518.980503000
  523.132359000
  533.776289000
  556.007056000
  563.482375000
  568.236648000
  578.703465000
  615.004674000
  622.559214000
  634.426237000
  641.107897000
  675.800260000
  681.593295000
  734.373422000
  745.709685000
  748.517765000
  767.219826000
  783.440126000
  786.853541000
  789.944905000
  797.842090000
 1016.500921000
 1018.082731000
 1021.501999000
 1108.420119000
 1112.797955000
 1113.640989000
 1154.770399000
 1158.509815000
 1159.644847000
 1166.474523000
 1168.442713000
 1172.305300000
 1173.670586000
 1175.646103000
 1178.653225000
 1181.348603000
 1183.277493000
 1188.029615000
 1218.986007000
 1221.417543000
 1228.160222000
 1231.374670000
 1259.045753000
 1263.071843000
 1268.454218000
 1269.435967000
 1284.235237000
 1296.323585000
 1300.077443000
 1341.831343000
 1346.930364000
 1376.017650000
 1389.132403000
 1466.754171000
 1470.463429000
 1485.712346000
 1499.238788000
 1500.457713000
 1508.216342000
 1512.271792000
 1522.445075000
 1524.460379000
 1530.556696000
 1541.974157000
 1567.254763000
 1605.513019000
 1607.510675000
 1612.444473000
 1664.246498000
 1675.249402000
 1695.512099000
 1712.108055000
 1717.165916000
 1726.565585000
 1732.408184000
 1741.730933000
 1748.140737000
 1748.172677000
 1756.986262000
 1766.895857000
 1771.743139000
 1777.422863000
 1797.533433000
 1815.771895000
 1819.180862000
 1819.647574000
 1843.789341000
 1857.245609000
 1862.238165000
 1862.866224000
 1874.087051000
 1881.987439000
 1896.650465000
 1896.835715000
 1900.504190000
 1908.756702000
 1914.221439000
 1921.629065000
 1927.077638000
 1928.635447000
 1959.751572000
 1984.467127000
 2681.656404000
 2684.267813000
 2688.477769000
 2690.917881000
 2694.303035000
 2706.867013000
 2803.770611000
 2809.079720000
 2811.731099000
 2812.620899000
 2815.113516000
 2827.074990000
 2831.572914000
 3068.808144000
 weight
 0.0 0.0 0.0 1.0
