

 #v,#q,#freq,#unit
 6, 1, 144,16
 P=      -1.0000 V=    2279.4631 E=    -550.872178900
    0.000000000    0.000000000    0.000000000
   -0.239629000
   -0.236100000
   -0.185134000
   68.832255000
   71.503750000
  103.600636000
  106.549479000
  111.615020000
  112.185902000
  113.475899000
  114.266523000
  114.937925000
  118.251474000
  120.019443000
  121.226909000
  135.581875000
  135.702957000
  137.896018000
  139.166690000
  150.924556000
  156.604124000
  157.880740000
  158.877953000
  159.328141000
  159.762802000
  162.332848000
  166.010908000
  169.373292000
  169.857816000
  171.782522000
  172.072658000
  173.950437000
  175.426363000
  176.441523000
  176.979404000
  181.416822000
  182.530337000
  186.211490000
  192.602482000
  195.542670000
  212.526293000
  213.764405000
  214.290953000
  214.471397000
  215.533441000
  219.274916000
  227.088423000
  245.338172000
  529.176459000
  532.483475000
  534.973979000
  535.878058000
  540.071235000
  550.352294000
  555.922420000
  557.745401000
  560.988168000
  570.458675000
  583.328990000
  591.806268000
  593.823165000
  598.426766000
  601.647202000
  605.400014000
  616.513209000
  617.969188000
  621.036514000
  629.742026000
  635.646225000
  639.732185000
  645.740396000
  655.938420000
  662.325729000
  664.309585000
  688.681420000
  704.673609000
  709.378246000
  733.016688000
  755.175806000
  757.495771000
  775.989619000
  776.201383000
  788.537905000
  791.310273000
  798.191233000
  817.573470000
  818.365138000
  828.642676000
  832.412480000
  837.001728000
  845.401786000
  858.539293000
  865.899431000
  902.326784000
  905.196779000
  954.315118000
 1585.611231000
 1600.574508000
 1608.027719000
 1617.092017000
 1622.069228000
 1622.693937000
 1639.849593000
 1640.161243000
 1643.101383000
 1648.439529000
 1653.715816000
 1654.065143000
 1658.326687000
 1671.179794000
 1684.154098000
 1695.187014000
 3349.091323000
 3351.623319000
 3381.628357000
 3382.322833000
 3382.812653000
 3383.198916000
 3397.051597000
 3397.581609000
 3398.326974000
 3398.837868000
 3400.709583000
 3401.924611000
 3403.291938000
 3404.612626000
 3452.803878000
 3453.002215000
 3453.379471000
 3453.563327000
 3455.001667000
 3476.116969000
 3480.930543000
 3481.865134000
 3483.378668000
 3484.228686000
 3485.792513000
 3487.818694000
 3488.155851000
 3489.203839000
 3501.547958000
 3501.749286000
 3502.923323000
 3503.605375000


 P=       0.0000 V=    2178.5413 E=    -550.872318930
    0.000000000    0.000000000    0.000000000
   -0.215559000
   -0.205229000
   -0.169321000
   91.602832000
   93.549106000
  116.806432000
  117.996494000
  118.048828000
  119.246916000
  122.410895000
  123.727297000
  125.778806000
  127.134454000
  132.366935000
  136.989746000
  149.437194000
  150.394566000
  152.341703000
  153.378804000
  166.571546000
  171.270857000
  171.308916000
  173.653515000
  173.775087000
  174.829520000
  176.067715000
  179.394753000
  181.986293000
  182.847144000
  183.205285000
  184.319914000
  186.349921000
  188.483190000
  188.536623000
  190.781393000
  198.042971000
  198.806019000
  203.820549000
  210.711847000
  216.383122000
  233.069807000
  234.116876000
  236.428205000
  236.519748000
  237.154797000
  240.527191000
  246.816106000
  267.442981000
  536.302150000
  541.612096000
  542.590458000
  545.300691000
  547.265291000
  560.427705000
  567.035981000
  569.730258000
  573.274886000
  582.448518000
  593.638824000
  605.786623000
  607.451302000
  613.250310000
  615.960826000
  617.391507000
  628.313220000
  634.127223000
  636.118777000
  645.341601000
  651.438171000
  656.021920000
  660.443941000
  671.785291000
  675.888299000
  678.783115000
  704.422334000
  720.605007000
  725.644177000
  751.042120000
  773.480150000
  776.435701000
  796.027420000
  796.249389000
  808.458692000
  810.531429000
  818.789919000
  838.866007000
  839.193896000
  850.046208000
  856.962488000
  859.581644000
  868.579738000
  883.137067000
  887.369129000
  928.930672000
  931.323767000
  980.514388000
 1585.754134000
 1602.078554000
 1609.605124000
 1619.093051000
 1624.277738000
 1625.111161000
 1643.363219000
 1643.643539000
 1646.869333000
 1652.236995000
 1657.811489000
 1658.199719000
 1662.771032000
 1676.581730000
 1691.388918000
 1703.083590000
 3331.744718000
 3334.545318000
 3365.680807000
 3366.654215000
 3367.434423000
 3368.836377000
 3382.410908000
 3383.059294000
 3385.166837000
 3385.645127000
 3386.911074000
 3388.532847000
 3389.065454000
 3390.983112000
 3433.478188000
 3434.550679000
 3434.995959000
 3435.406990000
 3450.980880000
 3468.548721000
 3470.813931000
 3471.008822000
 3472.546630000
 3473.237633000
 3477.495522000
 3477.706793000
 3478.732725000
 3479.874532000
 3490.942935000
 3492.190162000
 3493.420795000
 3495.936792000


 P=      10.0000 V=    1665.0922 E=    -550.727698130
    0.000000000    0.000000000    0.000000000
   -0.162453000
   -0.152804000
   -0.117490000
  157.902236000
  158.326235000
  159.077485000
  161.058021000
  165.355555000
  166.621400000
  223.980124000
  227.129397000
  247.334934000
  251.148452000
  251.669830000
  253.204785000
  253.311498000
  254.947470000
  258.236558000
  262.564015000
  265.670356000
  266.674940000
  266.905151000
  267.023522000
  267.483519000
  267.911284000
  271.369108000
  274.062792000
  278.836620000
  284.872218000
  287.966303000
  289.867900000
  297.037520000
  297.398980000
  303.156395000
  310.577623000
  316.310053000
  335.095593000
  340.296212000
  348.221590000
  369.880003000
  385.039053000
  385.569179000
  390.662304000
  401.512548000
  401.953573000
  403.152319000
  405.124742000
  433.901248000
  696.357164000
  701.109966000
  705.533586000
  724.042916000
  727.120168000
  741.660701000
  753.689895000
  754.733695000
  763.787186000
  773.621547000
  783.127014000
  789.117319000
  795.940894000
  797.611696000
  801.094169000
  804.273525000
  807.068494000
  821.467304000
  825.308079000
  829.301441000
  836.610264000
  839.333761000
  842.371091000
  860.993002000
  863.958478000
  868.563025000
  894.375843000
  913.676616000
  928.941997000
  950.831119000
  979.891732000
  984.951294000
 1004.867394000
 1008.015603000
 1016.815576000
 1026.053740000
 1035.827843000
 1055.309426000
 1059.891345000
 1068.155277000
 1073.570175000
 1074.650606000
 1085.896728000
 1108.132170000
 1112.708369000
 1157.611998000
 1159.911568000
 1217.203330000
 1592.822166000
 1616.341841000
 1630.054538000
 1641.950746000
 1651.477599000
 1653.140442000
 1674.782169000
 1675.135338000
 1681.576611000
 1686.414295000
 1692.281983000
 1695.230360000
 1699.752958000
 1720.938340000
 1753.122593000
 1770.461304000
 3023.148163000
 3027.964359000
 3060.443960000
 3064.816268000
 3078.227172000
 3082.480738000
 3085.815257000
 3090.319762000
 3092.965928000
 3094.770679000
 3096.228885000
 3100.461013000
 3101.629973000
 3104.423200000
 3127.411171000
 3128.836275000
 3129.521644000
 3130.781118000
 3264.560814000
 3267.745945000
 3271.403493000
 3273.640200000
 3275.541319000
 3277.899569000
 3286.424574000
 3290.597151000
 3292.603717000
 3300.594925000
 3302.755634000
 3310.330759000
 3313.270013000
 3357.384430000


 P=      30.0000 V=    1362.2427 E=    -550.339032110
    0.000000000    0.000000000    0.000000000
   -0.094573000
   -0.080213000
   -0.070082000
  191.841556000
  192.681204000
  193.575341000
  196.500472000
  199.384636000
  200.074490000
  331.194693000
  331.333792000
  335.769099000
  336.225839000
  339.039195000
  339.121287000
  341.491216000
  346.768748000
  351.628943000
  353.125301000
  353.394949000
  355.382940000
  362.154365000
  364.440677000
  366.207943000
  370.078462000
  378.388724000
  382.913649000
  387.949036000
  389.820872000
  393.391333000
  402.490838000
  405.585604000
  422.360023000
  425.004578000
  440.789923000
  444.929818000
  473.766159000
  480.011985000
  484.953987000
  516.244931000
  533.676556000
  537.185274000
  540.920268000
  562.758370000
  566.617881000
  570.079061000
  570.173270000
  600.512724000
  841.056711000
  843.386009000
  847.360159000
  894.522530000
  897.851560000
  907.913333000
  930.932051000
  931.075020000
  938.992373000
  943.453630000
  960.998846000
  964.071098000
  965.336042000
  972.196389000
  973.792601000
  975.685814000
  982.890973000
  995.157136000
  995.905360000
 1006.062192000
 1008.500656000
 1012.712995000
 1014.206636000
 1035.837209000
 1044.609028000
 1048.439359000
 1067.415703000
 1085.490536000
 1123.338040000
 1134.290480000
 1158.257740000
 1180.588139000
 1195.924231000
 1204.339980000
 1210.306781000
 1222.984235000
 1236.606553000
 1256.573863000
 1261.599764000
 1267.746226000
 1268.166359000
 1278.840470000
 1284.770377000
 1313.221005000
 1316.793266000
 1372.089726000
 1374.366936000
 1420.396528000
 1607.318566000
 1634.197718000
 1656.607493000
 1670.454237000
 1684.977234000
 1685.233951000
 1709.421706000
 1710.197563000
 1717.687493000
 1723.851412000
 1729.960142000
 1734.857453000
 1741.311061000
 1766.961725000
 1829.232754000
 1853.890555000
 2603.734751000
 2609.054121000
 2648.025403000
 2649.038073000
 2665.168463000
 2666.677659000
 2674.698394000
 2676.023147000
 2678.959295000
 2681.606014000
 2687.297622000
 2687.852650000
 2692.236016000
 2693.810437000
 2710.900615000
 2711.469714000
 2715.176363000
 2715.710995000
 3039.724528000
 3044.639822000
 3048.563970000
 3050.544663000
 3052.308086000
 3054.771026000
 3092.067437000
 3098.571751000
 3103.532649000
 3104.395726000
 3111.341225000
 3114.357061000
 3116.990988000
 3237.809814000


 P=      50.0000 V=    1215.5511 E=    -549.943452310
    0.000000000    0.000000000    0.000000000
   -0.151014000
   -0.140787000
   -0.128939000
  213.313580000
  214.700626000
  215.569050000
  219.035340000
  221.405541000
  221.812774000
  381.575325000
  382.647130000
  383.792574000
  384.538529000
  386.761973000
  389.021800000
  396.986416000
  404.146297000
  410.840157000
  416.400232000
  420.035398000
  427.176853000
  430.440795000
  431.425815000
  433.579608000
  437.304607000
  453.049425000
  457.461834000
  458.598147000
  463.383045000
  464.384404000
  476.173953000
  479.451365000
  509.892936000
  513.082238000
  540.151940000
  542.928646000
  572.342475000
  579.536230000
  584.445992000
  615.679486000
  638.098319000
  639.068392000
  650.293035000
  677.603440000
  682.450196000
  686.834047000
  687.365656000
  715.649330000
  937.348606000
  938.417795000
  942.448632000
 1007.431193000
 1011.223471000
 1017.937973000
 1050.643956000
 1051.447256000
 1057.736007000
 1059.101972000
 1078.152859000
 1079.245256000
 1082.798996000
 1085.387575000
 1086.223564000
 1091.962375000
 1098.399703000
 1105.479863000
 1109.977749000
 1124.627862000
 1126.611537000
 1133.099263000
 1133.388367000
 1157.283996000
 1168.806145000
 1171.063493000
 1181.404013000
 1197.648249000
 1247.995817000
 1254.562197000
 1270.058066000
 1306.993230000
 1315.791740000
 1341.744794000
 1344.913622000
 1358.705581000
 1371.383998000
 1380.123998000
 1390.509878000
 1400.682471000
 1401.623208000
 1414.760340000
 1415.614240000
 1443.479561000
 1453.550034000
 1512.627434000
 1515.520388000
 1534.169662000
 1631.374620000
 1649.897495000
 1679.044520000
 1691.667734000
 1710.312699000
 1710.834149000
 1731.878453000
 1734.086833000
 1741.662137000
 1747.746472000
 1753.845742000
 1762.488498000
 1772.059993000
 1798.242026000
 1895.827779000
 1920.649717000
 2214.570940000
 2222.827552000
 2262.507246000
 2265.864626000
 2280.173203000
 2281.715006000
 2290.941370000
 2291.459179000
 2298.035031000
 2298.341786000
 2308.819000000
 2309.130408000
 2310.666552000
 2313.837628000
 2327.634744000
 2330.243150000
 2334.236932000
 2338.569619000
 2859.202433000
 2868.895747000
 2869.198310000
 2871.692751000
 2873.704727000
 2874.168152000
 2943.899514000
 2953.050126000
 2954.528236000
 2958.387573000
 2961.684641000
 2964.198468000
 2973.390511000
 3151.774686000


 P=      70.0000 V=    1119.6467 E=    -549.553454950
    0.000000000    0.000000000    0.000000000
   -0.152367000
   -0.146137000
   -0.135497000
  228.208330000
  228.714870000
  229.978020000
  231.693763000
  233.439032000
  233.928530000
  407.757995000
  410.058680000
  411.344980000
  412.758775000
  416.361390000
  419.151852000
  425.759084000
  439.270158000
  442.673220000
  465.406252000
  469.347002000
  482.196867000
  485.585412000
  486.914380000
  489.254928000
  494.105368000
  504.765468000
  508.682411000
  516.602718000
  518.222241000
  523.595571000
  536.686178000
  540.411154000
  577.293810000
  582.658165000
  626.428762000
  630.179599000
  655.498848000
  661.048939000
  668.469609000
  694.024890000
  722.268000000
  723.843221000
  743.156807000
  774.263194000
  777.727104000
  785.303852000
  785.589098000
  810.092105000
 1017.048355000
 1017.460276000
 1019.827593000
 1102.696982000
 1105.169241000
 1109.089505000
 1152.321953000
 1154.118258000
 1156.995037000
 1158.030605000
 1171.812036000
 1174.475016000
 1176.837141000
 1177.204108000
 1178.543527000
 1183.279234000
 1189.341402000
 1191.809715000
 1206.974713000
 1221.817977000
 1223.492436000
 1229.819415000
 1230.992902000
 1257.558838000
 1265.177897000
 1272.108192000
 1272.232598000
 1284.925360000
 1337.606419000
 1343.722589000
 1348.653719000
 1379.393213000
 1433.357152000
 1445.393859000
 1456.099624000
 1458.514040000
 1470.168952000
 1482.322915000
 1495.283196000
 1507.627508000
 1509.073303000
 1520.030366000
 1522.018611000
 1544.132234000
 1557.777045000
 1602.049989000
 1615.847767000
 1620.939240000
 1659.817949000
 1659.994378000
 1693.084569000
 1701.535900000
 1727.372040000
 1728.512400000
 1742.742458000
 1743.337347000
 1752.010089000
 1756.628629000
 1767.402659000
 1773.899392000
 1781.868939000
 1786.316776000
 1801.208201000
 1815.000891000
 1844.155487000
 1856.224187000
 1856.729955000
 1861.263688000
 1882.657278000
 1882.830592000
 1885.047670000
 1891.717743000
 1895.613044000
 1899.945223000
 1903.745262000
 1919.053254000
 1921.996705000
 1927.761164000
 1931.564539000
 1932.572731000
 1964.067676000
 1984.726939000
 2688.106138000
 2691.689759000
 2696.043909000
 2698.495588000
 2703.171194000
 2705.668515000
 2809.419178000
 2814.088627000
 2816.472187000
 2822.133587000
 2823.174561000
 2830.054979000
 2831.935374000
 3072.845283000
 weight
 0.0 0.0 0.0 1.0
