

 #v,#q,#freq,#unit
 6, 1, 144,16
 P=      -1.0000 V=    2297.8927 E=    -550.867168460
    0.000000000    0.000000000    0.000000000
   -0.577603000
   -0.501866000
   -0.335944000
   89.728457000
   89.810280000
   89.980276000
   90.113057000
   91.413982000
  105.343837000
  105.382410000
  105.468036000
  105.492593000
  106.603390000
  109.469170000
  128.220279000
  132.860939000
  140.599538000
  144.633284000
  144.651062000
  144.731454000
  144.812047000
  145.216383000
  149.947559000
  154.271155000
  155.769239000
  155.911661000
  165.664448000
  170.183068000
  170.227356000
  170.313799000
  170.369827000
  172.601386000
  175.754258000
  177.924211000
  179.418512000
  185.454964000
  185.503666000
  185.522633000
  185.624887000
  200.905668000
  205.120119000
  205.185588000
  205.370620000
  205.398002000
  216.609178000
  222.783408000
  223.589835000
  240.950384000
  504.108115000
  516.424522000
  527.294210000
  541.317942000
  543.923481000
  557.224413000
  569.779470000
  569.872370000
  570.044926000
  570.090943000
  573.845904000
  576.710726000
  576.733648000
  577.161539000
  577.303914000
  584.899108000
  587.614871000
  602.400248000
  628.564617000
  630.795515000
  635.623579000
  669.838546000
  670.015044000
  671.363200000
  671.569861000
  671.970486000
  672.195861000
  673.117419000
  673.388472000
  705.206105000
  712.756991000
  722.307759000
  723.459101000
  792.233264000
  803.256150000
  808.928915000
  809.040197000
  810.056320000
  810.287467000
  816.007744000
  816.204592000
  817.260555000
  817.615914000
  847.622933000
  860.566141000
  894.603746000
  906.129629000
  930.988787000
 1574.655295000
 1604.597979000
 1620.369949000
 1625.423850000
 1637.157727000
 1645.455545000
 1645.585915000
 1645.717921000
 1645.808562000
 1646.082599000
 1646.209813000
 1646.214969000
 1646.313913000
 1666.747152000
 1676.128864000
 1709.804757000
 3358.762622000
 3359.418016000
 3387.375690000
 3390.426428000
 3392.108056000
 3394.925915000
 3406.809562000
 3406.969809000
 3407.182085000
 3407.355880000
 3407.929288000
 3408.107001000
 3408.300034000
 3408.497393000
 3458.834083000
 3460.379263000
 3460.577599000
 3462.060666000
 3462.455709000
 3483.299272000
 3490.459667000
 3490.631519000
 3491.365974000
 3491.537200000
 3491.649379000
 3491.717051000
 3492.508325000
 3492.708653000
 3501.953739000
 3506.013166000
 3510.970476000
 3511.641113000


 P=       0.0000 V=    2184.1737 E=    -550.867463280
    0.000000000    0.000000000    0.000000000
   -0.656255000
   -0.529358000
   -0.292373000
  110.834209000
  110.852821000
  110.900854000
  110.930444000
  111.593812000
  112.069354000
  112.181554000
  112.388108000
  112.543179000
  112.864064000
  115.504681000
  149.800118000
  150.928157000
  154.429596000
  160.486084000
  161.377221000
  161.441157000
  161.532058000
  161.548501000
  166.147412000
  171.081755000
  171.229814000
  171.316577000
  181.454050000
  184.059434000
  184.141428000
  184.238408000
  184.262920000
  185.448148000
  192.365594000
  198.754485000
  200.052551000
  201.904827000
  202.013425000
  202.083180000
  202.156364000
  220.769905000
  229.187129000
  229.210243000
  229.227982000
  229.297084000
  242.089500000
  244.463404000
  248.189360000
  263.753397000
  517.634607000
  529.377489000
  543.264569000
  555.858239000
  558.699322000
  574.049262000
  587.485156000
  587.562074000
  587.666758000
  587.794372000
  589.800201000
  595.892073000
  596.078770000
  596.377486000
  596.497427000
  602.205857000
  606.583584000
  617.880919000
  646.332084000
  647.678071000
  653.087429000
  689.727799000
  689.907073000
  690.150872000
  690.266296000
  692.146971000
  692.352799000
  692.688996000
  692.936027000
  730.321802000
  732.939493000
  745.834137000
  750.386116000
  818.259373000
  831.191843000
  835.849387000
  836.137793000
  836.478602000
  836.675759000
  842.781180000
  842.887772000
  842.970394000
  843.219217000
  875.596934000
  886.236627000
  925.326036000
  936.157486000
  962.355739000
 1572.239371000
 1604.099493000
 1621.350757000
 1627.485684000
 1639.585498000
 1648.602349000
 1648.627207000
 1648.694482000
 1648.738529000
 1648.847450000
 1648.897409000
 1648.991896000
 1649.021638000
 1671.367659000
 1681.215655000
 1719.035268000
 3335.239028000
 3336.368685000
 3365.369150000
 3368.448628000
 3372.079629000
 3375.040199000
 3387.622059000
 3387.744686000
 3388.116378000
 3388.301238000
 3388.427347000
 3388.461249000
 3388.838521000
 3389.314044000
 3436.528461000
 3436.687697000
 3436.763689000
 3438.935663000
 3452.606206000
 3475.024943000
 3475.103811000
 3475.495518000
 3475.742365000
 3477.110802000
 3477.244807000
 3477.613937000
 3477.807299000
 3479.027030000
 3485.996643000
 3493.136923000
 3497.083623000
 3499.771571000


 P=      10.0000 V=    1663.7723 E=    -550.722765990
    0.000000000    0.000000000    0.000000000
   -0.437540000
   -0.296369000
   -0.161472000
  153.305476000
  153.383339000
  153.609426000
  153.677129000
  157.495282000
  159.757496000
  238.051574000
  240.700249000
  240.966306000
  241.081634000
  241.437098000
  252.979734000
  259.029871000
  259.645406000
  261.134362000
  267.455491000
  267.638109000
  267.814148000
  267.845637000
  269.526474000
  270.482924000
  270.552072000
  270.764087000
  270.843208000
  271.137951000
  275.226363000
  281.761143000
  288.305570000
  289.951407000
  310.964493000
  326.724119000
  326.919555000
  327.066493000
  327.199400000
  346.526613000
  347.400315000
  355.987900000
  390.174615000
  390.813285000
  390.869259000
  391.119396000
  391.203216000
  413.480695000
  417.984464000
  418.897895000
  688.141296000
  690.224942000
  715.367830000
  732.676080000
  748.051151000
  760.820436000
  761.472049000
  775.214269000
  775.758941000
  775.984391000
  776.145678000
  777.819765000
  790.448310000
  791.029569000
  791.334327000
  791.628062000
  800.636037000
  823.939728000
  829.657027000
  832.550125000
  840.073279000
  878.643659000
  879.215208000
  879.900692000
  880.050600000
  894.336852000
  894.710769000
  894.979675000
  895.123129000
  923.642178000
  929.390921000
  959.277941000
  989.585007000
 1031.711758000
 1057.627683000
 1058.045500000
 1058.238268000
 1058.533757000
 1062.102663000
 1067.571710000
 1067.925838000
 1068.145849000
 1068.308811000
 1104.657327000
 1124.653712000
 1173.677673000
 1178.101483000
 1201.982975000
 1572.072056000
 1624.790523000
 1644.233394000
 1648.212439000
 1669.007958000
 1680.230439000
 1680.459472000
 1680.676399000
 1680.784130000
 1683.517460000
 1683.741798000
 1684.147111000
 1684.176631000
 1726.729327000
 1729.953491000
 1790.359689000
 3019.187416000
 3023.328592000
 3062.134405000
 3064.457259000
 3065.794777000
 3068.303475000
 3087.519339000
 3088.518268000
 3089.121885000
 3089.298919000
 3089.548519000
 3090.848864000
 3091.560918000
 3091.687180000
 3119.778967000
 3121.785776000
 3122.182447000
 3123.882146000
 3263.238677000
 3264.184827000
 3264.967122000
 3265.299414000
 3278.119026000
 3281.390367000
 3282.020585000
 3282.264584000
 3282.918675000
 3284.034689000
 3288.102698000
 3308.597015000
 3310.651048000
 3351.797167000


 P=      30.0000 V=    1361.1197 E=    -550.333977140
    0.000000000    0.000000000    0.000000000
   -0.139659000
   -0.075110000
   -0.058695000
  189.411316000
  189.444093000
  189.512492000
  189.554805000
  193.580971000
  196.242637000
  333.691454000
  333.706756000
  333.817360000
  333.848761000
  335.922072000
  336.010937000
  338.757926000
  346.562045000
  355.628355000
  359.745683000
  360.077835000
  369.408189000
  369.506250000
  369.532882000
  369.583476000
  370.021159000
  370.063154000
  370.125515000
  370.161990000
  385.815529000
  391.772839000
  392.517444000
  408.028242000
  456.594819000
  456.657187000
  456.826900000
  456.948296000
  458.058475000
  479.998727000
  480.590435000
  499.962242000
  537.056979000
  547.696414000
  547.722956000
  548.054499000
  548.125590000
  574.866075000
  583.413963000
  587.509500000
  836.045501000
  839.546472000
  855.008175000
  908.981383000
  910.431721000
  918.017905000
  936.075231000
  949.604862000
  949.690943000
  949.801075000
  950.005140000
  958.117503000
  967.785319000
  969.080196000
  969.213667000
  969.311339000
  969.387993000
  993.633301000
  996.499562000
 1007.521154000
 1023.128101000
 1052.153203000
 1052.371712000
 1052.566637000
 1052.633540000
 1071.451728000
 1071.725138000
 1071.984650000
 1072.085256000
 1093.854075000
 1105.919004000
 1149.806765000
 1208.363063000
 1234.450254000
 1262.818179000
 1263.004504000
 1263.065273000
 1263.222489000
 1268.617667000
 1270.876023000
 1270.939625000
 1271.460958000
 1271.580203000
 1309.732235000
 1337.541463000
 1393.132282000
 1399.729313000
 1402.441225000
 1568.269789000
 1643.827519000
 1669.590043000
 1675.191330000
 1708.761702000
 1710.918491000
 1711.028920000
 1711.091593000
 1711.164697000
 1720.256804000
 1720.362029000
 1720.562447000
 1720.618914000
 1771.705654000
 1807.867244000
 1871.036275000
 2597.734758000
 2601.049408000
 2640.441328000
 2646.718035000
 2649.436432000
 2653.346329000
 2670.207917000
 2670.455795000
 2671.422284000
 2671.997016000
 2675.189574000
 2675.430691000
 2676.362379000
 2676.922837000
 2698.020045000
 2701.337363000
 2703.743335000
 2704.666782000
 3038.150566000
 3038.235693000
 3038.836071000
 3039.151982000
 3049.022068000
 3051.601546000
 3086.766216000
 3086.834796000
 3087.442365000
 3087.795416000
 3106.122036000
 3107.787277000
 3117.699186000
 3231.045052000


 P=      50.0000 V=    1212.5059 E=    -549.931810230
    0.000000000    0.000000000    0.000000000
   -0.194515000
   -0.092609000
   -0.082323000
  212.419249000
  212.441033000
  212.472613000
  212.492478000
  215.372128000
  218.065090000
  380.568404000
  380.632857000
  380.690493000
  380.735511000
  383.479025000
  385.277813000
  387.744391000
  408.677994000
  413.210803000
  416.866328000
  417.318884000
  439.761989000
  439.782875000
  439.827427000
  439.876256000
  446.719276000
  446.774130000
  446.799826000
  446.847750000
  464.486339000
  468.357909000
  469.015132000
  490.327566000
  554.017712000
  554.060004000
  554.151442000
  554.254279000
  559.245487000
  563.719092000
  569.155623000
  616.273120000
  643.366136000
  658.127744000
  658.174810000
  658.246402000
  658.317420000
  690.310537000
  706.907082000
  710.657197000
  943.993845000
  947.803714000
  955.788411000
 1030.298984000
 1034.201096000
 1038.432542000
 1050.920290000
 1077.195672000
 1077.339643000
 1077.393041000
 1077.472089000
 1089.083229000
 1096.181192000
 1096.253319000
 1096.362388000
 1096.396304000
 1105.431003000
 1110.324329000
 1110.915275000
 1128.528864000
 1164.290476000
 1176.443050000
 1176.602966000
 1176.660848000
 1176.908732000
 1194.121942000
 1194.238426000
 1194.280136000
 1194.471421000
 1212.770342000
 1226.919673000
 1272.353264000
 1363.714146000
 1381.830309000
 1406.707411000
 1406.877784000
 1406.936773000
 1407.193536000
 1411.884365000
 1412.258586000
 1412.402999000
 1412.518711000
 1412.727910000
 1450.612562000
 1479.360893000
 1524.876799000
 1537.894956000
 1553.821938000
 1556.708718000
 1653.629455000
 1684.574620000
 1703.250025000
 1727.740372000
 1727.790633000
 1727.802300000
 1727.866806000
 1744.576880000
 1746.198568000
 1746.233053000
 1746.308334000
 1746.335709000
 1801.425828000
 1882.133084000
 1936.394100000
 2173.001819000
 2176.302245000
 2219.485116000
 2224.693191000
 2232.057620000
 2233.294506000
 2248.661302000
 2249.179463000
 2250.219124000
 2250.712895000
 2260.137724000
 2260.807220000
 2261.896960000
 2262.205608000
 2278.577985000
 2284.162974000
 2290.218539000
 2290.337780000
 2837.713148000
 2838.032921000
 2838.636261000
 2838.868214000
 2847.046238000
 2847.506829000
 2921.890396000
 2922.185780000
 2922.668403000
 2922.888584000
 2939.932939000
 2942.132077000
 2946.508017000
 3129.914903000


 P=      70.0000 V=    1118.1330 E=    -549.544807340
    0.000000000    0.000000000    0.000000000
   -0.095069000
   -0.087295000
   -0.071491000
  229.581852000
  229.590480000
  229.611822000
  229.619082000
  230.777832000
  234.327063000
  406.572637000
  406.612091000
  406.689027000
  406.731290000
  411.671916000
  412.094003000
  412.678161000
  447.154286000
  450.417472000
  452.869933000
  459.536573000
  490.119755000
  490.141468000
  490.152392000
  490.189221000
  505.962583000
  505.996843000
  506.062022000
  506.095167000
  519.870957000
  528.285473000
  535.674694000
  555.008911000
  607.662831000
  615.487192000
  634.004560000
  634.041889000
  634.155866000
  634.178867000
  663.424195000
  711.415483000
  727.609632000
  743.706557000
  743.747512000
  743.904117000
  743.934169000
  786.471304000
  809.878035000
  810.040390000
 1019.582395000
 1022.692228000
 1027.328881000
 1112.889222000
 1115.029237000
 1123.897652000
 1144.854977000
 1169.019969000
 1169.096530000
 1169.162170000
 1169.229136000
 1175.033829000
 1181.925870000
 1181.943706000
 1182.073426000
 1182.101063000
 1194.962370000
 1196.809046000
 1215.921956000
 1218.550955000
 1259.107237000
 1270.829271000
 1270.908382000
 1270.968747000
 1271.041580000
 1280.370738000
 1280.411114000
 1280.507719000
 1280.542416000
 1301.741894000
 1307.002619000
 1349.796359000
 1476.442085000
 1489.574494000
 1513.502918000
 1513.600001000
 1513.663786000
 1513.716985000
 1513.770714000
 1513.812973000
 1513.817949000
 1513.911496000
 1519.906760000
 1537.217567000
 1546.073115000
 1585.533885000
 1599.371683000
 1635.778401000
 1659.011836000
 1659.636438000
 1688.125367000
 1722.232299000
 1736.190947000
 1736.210230000
 1736.273042000
 1736.311501000
 1740.863611000
 1756.336864000
 1758.039734000
 1760.020651000
 1760.036959000
 1760.083666000
 1760.097027000
 1785.109473000
 1819.271659000
 1836.693724000
 1841.406424000
 1841.711189000
 1842.313173000
 1842.739822000
 1846.502718000
 1860.416106000
 1863.557004000
 1863.861254000
 1864.498916000
 1864.891287000
 1874.426797000
 1888.568969000
 1893.993363000
 1901.881807000
 1955.544414000
 1991.983093000
 2674.323499000
 2675.613695000
 2675.789216000
 2676.108319000
 2676.345711000
 2686.436279000
 2795.653835000
 2795.817506000
 2796.120746000
 2796.339436000
 2802.271682000
 2809.640438000
 2820.710075000
 3057.420251000
 weight
 0.0 0.0 0.0 1.0
