

 #v,#q,#freq,#unit
 6, 1, 144,16
 P=      -1.0000 V=    2292.7725 E=    -550.872277630
    0.000000000    0.000000000    0.000000000
   -0.618572000
   -0.426024000
   -0.397846000
   75.423880000
   88.081386000
   98.354164000
  100.257499000
  109.764696000
  110.180001000
  111.642105000
  111.793954000
  112.396145000
  112.851844000
  115.458422000
  115.725509000
  139.310161000
  139.901139000
  140.512898000
  141.965149000
  144.956725000
  146.459006000
  146.925338000
  154.529105000
  154.997767000
  159.466536000
  163.270463000
  166.164712000
  166.326315000
  168.537565000
  168.980050000
  169.198153000
  172.140468000
  172.429312000
  173.810922000
  174.034507000
  180.538501000
  181.941134000
  182.217322000
  184.020067000
  187.887307000
  208.537679000
  209.685960000
  210.296019000
  211.795400000
  215.651510000
  216.631392000
  225.466536000
  250.783455000
  505.989330000
  512.839701000
  532.146342000
  532.997171000
  534.799712000
  538.737233000
  547.873234000
  548.388684000
  566.622279000
  566.919465000
  571.606524000
  576.752105000
  577.162358000
  580.428520000
  581.554052000
  589.521181000
  591.313038000
  602.995965000
  606.508795000
  621.686435000
  622.818969000
  633.575401000
  636.745359000
  638.981526000
  640.124511000
  702.394087000
  730.619609000
  731.716115000
  733.834437000
  740.542386000
  748.831890000
  750.048049000
  751.461222000
  796.339409000
  797.153636000
  801.091469000
  803.836255000
  805.806343000
  807.098250000
  810.715434000
  841.594078000
  846.887670000
  851.476001000
  853.510837000
  858.697965000
  862.435408000
  891.983375000
  935.278381000
 1603.799803000
 1604.020127000
 1612.784574000
 1616.515978000
 1624.121124000
 1629.472109000
 1630.208206000
 1630.636791000
 1644.202346000
 1645.020807000
 1647.732825000
 1648.969438000
 1665.874149000
 1670.403193000
 1670.743298000
 1691.704789000
 3357.528944000
 3360.310666000
 3385.343681000
 3386.167562000
 3389.881984000
 3393.382686000
 3393.974819000
 3396.759245000
 3403.598725000
 3404.699193000
 3409.875111000
 3411.294252000
 3437.881511000
 3438.040211000
 3454.379135000
 3458.177745000
 3460.114370000
 3461.040096000
 3462.302854000
 3464.306196000
 3469.452612000
 3484.377517000
 3487.729795000
 3488.890034000
 3493.843773000
 3495.638109000
 3504.966294000
 3505.924035000
 3507.764645000
 3510.356380000
 3511.634784000
 3513.215522000


 P=       0.0000 V=    2182.4452 E=    -550.872827420
    0.000000000    0.000000000    0.000000000
   -0.590602000
   -0.398285000
   -0.379054000
   98.021005000
  109.960812000
  114.045184000
  114.311266000
  117.820143000
  118.269501000
  119.250881000
  119.539675000
  121.209698000
  123.021817000
  133.590535000
  134.125752000
  155.033633000
  155.621836000
  155.881703000
  158.296408000
  161.004883000
  162.170090000
  162.319125000
  169.893773000
  171.302669000
  175.140044000
  179.082078000
  179.206439000
  180.680893000
  182.880731000
  184.286499000
  184.667716000
  184.984651000
  186.354406000
  186.461292000
  189.180970000
  197.468096000
  198.158528000
  198.692866000
  201.057839000
  209.126765000
  233.259389000
  233.893564000
  234.538515000
  234.946734000
  239.764370000
  240.819889000
  246.958080000
  274.039486000
  518.071961000
  525.638021000
  547.636649000
  548.147423000
  550.532917000
  552.548528000
  563.701931000
  564.452458000
  580.548710000
  582.594599000
  584.897508000
  592.889688000
  593.317265000
  595.640790000
  597.968147000
  606.630153000
  608.095068000
  620.136523000
  625.432615000
  640.267075000
  641.293641000
  652.639461000
  656.110960000
  657.431834000
  658.679890000
  724.694677000
  753.319724000
  754.094802000
  757.394249000
  764.160431000
  770.734921000
  771.872827000
  773.323394000
  820.176118000
  821.200326000
  825.849274000
  829.422197000
  830.838783000
  832.614724000
  837.287459000
  868.397684000
  874.055753000
  878.836332000
  880.461065000
  886.648948000
  890.668309000
  920.780404000
  965.001402000
 1604.429237000
 1604.643028000
 1613.838722000
 1617.612664000
 1625.256419000
 1631.608016000
 1632.419899000
 1632.935065000
 1646.651179000
 1647.952072000
 1650.687764000
 1652.519605000
 1671.560161000
 1674.744481000
 1675.382201000
 1699.021131000
 3334.355946000
 3338.129481000
 3365.302462000
 3365.457017000
 3369.746999000
 3371.598529000
 3373.445978000
 3377.525559000
 3383.143834000
 3385.982730000
 3391.191733000
 3393.608346000
 3424.589474000
 3428.278459000
 3435.229299000
 3436.221766000
 3437.636487000
 3437.781525000
 3439.393923000
 3444.788808000
 3455.811123000
 3471.670575000
 3473.585009000
 3476.857005000
 3478.888323000
 3482.162569000
 3492.168818000
 3492.747579000
 3494.826029000
 3497.126353000
 3497.341456000
 3500.745672000


 P=      10.0000 V=    1664.7454 E=    -550.727993830
    0.000000000    0.000000000    0.000000000
   -0.283373000
   -0.194764000
   -0.181170000
  155.970406000
  157.174131000
  157.288510000
  158.158963000
  160.573955000
  160.652608000
  230.458836000
  246.664865000
  247.423090000
  247.659481000
  251.304532000
  251.484470000
  258.737158000
  259.628433000
  259.807334000
  261.429105000
  266.306577000
  268.147248000
  269.503391000
  269.704787000
  269.854018000
  273.034373000
  273.930291000
  273.956344000
  274.496008000
  276.502188000
  276.572821000
  297.256340000
  306.296744000
  306.532950000
  307.722688000
  315.267981000
  319.683087000
  319.788673000
  320.100154000
  321.755618000
  351.621310000
  395.057421000
  397.288781000
  399.744565000
  399.984970000
  400.343055000
  408.836861000
  409.093096000
  433.737763000
  688.843468000
  695.132048000
  716.357004000
  738.607320000
  739.101624000
  739.747872000
  749.622585000
  757.707416000
  758.070778000
  761.578779000
  764.796890000
  778.409994000
  781.668803000
  782.269423000
  787.134926000
  793.745750000
  794.346806000
  808.619331000
  811.809281000
  827.995782000
  828.367011000
  844.273685000
  844.756696000
  845.850091000
  851.452549000
  929.400395000
  949.557498000
  950.364548000
  960.769792000
  974.029538000
  982.842719000
  983.527405000
  985.513226000
 1027.744464000
 1028.810239000
 1040.702316000
 1052.403659000
 1053.005102000
 1054.300090000
 1068.400446000
 1095.210733000
 1102.350709000
 1109.258840000
 1111.125607000
 1121.155116000
 1122.270988000
 1153.977191000
 1209.358636000
 1621.823821000
 1621.994443000
 1633.036123000
 1638.538177000
 1650.038632000
 1655.582326000
 1655.998255000
 1661.170845000
 1677.769075000
 1678.075117000
 1680.957800000
 1683.106959000
 1713.047995000
 1713.164354000
 1729.114934000
 1766.872699000
 3020.703514000
 3025.035567000
 3054.675858000
 3058.876346000
 3059.242682000
 3078.406386000
 3079.097618000
 3079.307493000
 3084.565405000
 3088.469714000
 3107.623315000
 3109.357904000
 3124.988270000
 3125.236892000
 3127.694525000
 3127.791637000
 3129.741268000
 3133.468340000
 3248.301215000
 3251.406236000
 3262.337958000
 3262.582235000
 3281.262572000
 3281.935395000
 3293.887559000
 3295.447427000
 3297.546844000
 3299.029625000
 3308.600976000
 3314.877531000
 3317.398654000
 3356.989680000


 P=      30.0000 V=    1361.2662 E=    -550.337843070
    0.000000000    0.000000000    0.000000000
   -0.133182000
   -0.121764000
   -0.093531000
  189.746379000
  191.827616000
  192.588718000
  192.638458000
  195.192606000
  195.222889000
  333.640996000
  333.757588000
  334.375844000
  337.636773000
  337.883489000
  338.134118000
  349.794991000
  350.579067000
  354.305294000
  354.646896000
  361.441474000
  362.020520000
  362.987795000
  368.131466000
  371.169179000
  372.819390000
  376.248060000
  383.163309000
  383.299621000
  390.280288000
  390.592922000
  418.660795000
  428.141497000
  435.597512000
  437.058558000
  437.300411000
  440.000824000
  440.944261000
  453.151383000
  453.556924000
  485.172678000
  554.398363000
  556.982390000
  558.046827000
  566.227409000
  566.599732000
  574.089872000
  574.627086000
  593.641533000
  840.172420000
  845.055698000
  858.778246000
  912.151312000
  913.118211000
  918.197497000
  918.306844000
  922.846538000
  934.503470000
  934.668027000
  942.655501000
  951.106728000
  964.303631000
  964.638691000
  965.025477000
  970.085808000
  970.368136000
  979.216353000
  990.076235000
 1003.405506000
 1003.843872000
 1021.022248000
 1021.370701000
 1025.968928000
 1043.242127000
 1117.096028000
 1126.175553000
 1126.432932000
 1144.586814000
 1163.744568000
 1175.366137000
 1178.536636000
 1178.966294000
 1218.112052000
 1218.541840000
 1236.700963000
 1254.729188000
 1254.997854000
 1263.269547000
 1279.714900000
 1302.907834000
 1305.855242000
 1323.138503000
 1323.611332000
 1329.766615000
 1330.577976000
 1369.665150000
 1417.118206000
 1644.395288000
 1644.486403000
 1658.077087000
 1670.740056000
 1683.630513000
 1684.146851000
 1684.403730000
 1696.112999000
 1710.090609000
 1710.172355000
 1711.791984000
 1715.308362000
 1748.298512000
 1748.401209000
 1805.810073000
 1849.047088000
 2593.434339000
 2602.468658000
 2634.933223000
 2638.909572000
 2643.297935000
 2657.100508000
 2658.424417000
 2660.023587000
 2664.589839000
 2668.781342000
 2686.001982000
 2687.361261000
 2701.157866000
 2706.225966000
 2706.912244000
 2707.776787000
 2708.848180000
 2711.369749000
 3030.807541000
 3034.041694000
 3036.451739000
 3038.198086000
 3050.960938000
 3051.849956000
 3090.592625000
 3096.814375000
 3098.691387000
 3101.408268000
 3107.941561000
 3111.019978000
 3113.014497000
 3233.517248000


 P=      50.0000 V=    1214.4939 E=    -549.941231790
    0.000000000    0.000000000    0.000000000
   -0.187821000
   -0.178106000
   -0.159261000
  211.641347000
  213.370601000
  213.761583000
  213.780550000
  216.124069000
  216.157915000
  380.255139000
  380.564497000
  383.617997000
  383.782135000
  384.321171000
  384.403285000
  403.970029000
  406.696417000
  419.099537000
  419.352069000
  420.537031000
  430.436996000
  430.645547000
  435.266505000
  439.959876000
  444.763315000
  455.542189000
  455.646468000
  461.394212000
  465.526963000
  465.782671000
  497.473175000
  509.610096000
  517.517197000
  524.144705000
  525.310840000
  536.579198000
  536.883017000
  553.844146000
  554.014105000
  571.300983000
  664.989762000
  670.771228000
  672.401769000
  683.176108000
  683.570419000
  691.171346000
  691.580230000
  703.983952000
  940.651178000
  943.633502000
  952.193270000
 1022.474793000
 1025.346737000
 1031.606701000
 1042.191949000
 1042.374091000
 1054.740577000
 1054.872757000
 1064.196228000
 1072.169196000
 1082.154771000
 1086.168804000
 1086.367564000
 1088.045727000
 1088.438810000
 1092.955909000
 1111.072881000
 1119.963809000
 1120.674951000
 1144.768418000
 1145.045187000
 1146.702710000
 1171.751963000
 1236.870334000
 1237.372922000
 1237.660646000
 1256.877166000
 1281.298012000
 1290.138463000
 1303.898352000
 1304.094061000
 1343.626530000
 1343.641781000
 1369.083937000
 1389.594855000
 1389.756275000
 1401.523267000
 1414.560576000
 1432.753347000
 1437.361552000
 1458.922465000
 1459.811557000
 1464.653034000
 1465.597509000
 1510.956807000
 1538.848870000
 1663.609625000
 1664.005301000
 1675.906072000
 1702.207321000
 1702.540437000
 1706.592372000
 1713.145912000
 1727.606890000
 1730.445092000
 1731.508956000
 1731.909658000
 1736.712544000
 1768.662691000
 1768.983554000
 1877.284180000
 1916.410894000
 2194.007056000
 2207.408910000
 2242.415614000
 2243.277955000
 2248.037460000
 2262.800163000
 2263.758101000
 2264.921278000
 2277.891059000
 2283.704448000
 2299.978590000
 2300.938846000
 2309.977525000
 2318.517079000
 2321.146052000
 2322.264133000
 2322.875073000
 2328.063888000
 2850.688772000
 2852.452011000
 2853.056580000
 2857.074732000
 2869.708362000
 2870.993748000
 2939.642154000
 2942.941812000
 2944.687156000
 2947.413609000
 2959.762288000
 2960.040080000
 2962.224258000
 3145.355530000


 P=      70.0000 V=    1119.1008 E=    -549.551599670
    0.000000000    0.000000000    0.000000000
   -0.235140000
   -0.210864000
   -0.196303000
  227.256112000
  228.503296000
  228.572478000
  228.646430000
  230.805505000
  230.832412000
  407.220171000
  407.690273000
  411.333784000
  412.439554000
  413.246838000
  413.357412000
  434.205488000
  438.952554000
  456.635179000
  465.674524000
  465.820079000
  486.068247000
  486.706242000
  486.887206000
  490.219497000
  504.095577000
  507.621050000
  507.874150000
  523.323783000
  523.534737000
  526.950394000
  550.521157000
  571.357944000
  581.077270000
  593.442469000
  594.346750000
  622.958758000
  623.638276000
  630.905723000
  639.340243000
  639.659708000
  758.583027000
  765.280135000
  767.381966000
  780.874432000
  781.459400000
  787.886014000
  788.574402000
  792.722225000
 1019.317852000
 1021.052112000
 1025.819269000
 1110.678056000
 1113.447214000
 1117.062102000
 1144.524737000
 1144.661466000
 1153.213736000
 1153.291203000
 1161.337679000
 1170.871752000
 1175.490575000
 1178.353030000
 1178.627303000
 1181.383039000
 1181.667186000
 1182.580490000
 1210.258036000
 1214.843669000
 1215.689656000
 1240.717468000
 1245.359074000
 1246.014039000
 1272.231221000
 1318.764016000
 1318.970119000
 1325.881535000
 1334.957960000
 1357.290679000
 1364.449932000
 1386.095965000
 1386.349404000
 1451.039520000
 1451.344153000
 1476.783788000
 1495.180778000
 1495.433340000
 1509.678808000
 1514.303166000
 1525.964597000
 1537.310604000
 1560.687527000
 1561.657125000
 1566.120281000
 1567.057894000
 1616.051711000
 1617.395267000
 1680.376097000
 1680.780556000
 1688.642623000
 1712.347477000
 1713.150689000
 1718.129113000
 1725.237177000
 1735.645376000
 1741.097045000
 1743.965246000
 1744.062242000
 1753.106978000
 1775.643739000
 1776.132757000
 1797.322914000
 1811.245197000
 1825.707662000
 1831.994391000
 1843.201852000
 1846.723031000
 1851.961945000
 1854.358718000
 1866.395174000
 1872.389790000
 1894.365464000
 1897.539183000
 1903.075787000
 1913.907131000
 1915.141913000
 1919.657399000
 1920.133218000
 1924.976083000
 1953.806521000
 1979.183928000
 2682.541275000
 2684.360818000
 2684.722159000
 2688.405841000
 2697.923513000
 2700.270720000
 2807.159527000
 2808.090474000
 2809.962330000
 2812.083049000
 2821.154403000
 2821.999395000
 2824.333364000
 3067.841965000
 weight
 0.0 0.0 0.0 1.0
