

 #v,#q,#freq,#unit
 6, 1, 144,16
 P=      -1.0000 V=    2303.5937 E=    -550.868610650
    0.000000000    0.000000000    0.000000000
   -0.749380000
   -0.499847000
   -0.413989000
   45.182294000
   69.419810000
   69.734007000
   90.087612000
  102.657966000
  104.685597000
  105.461349000
  109.174111000
  110.864967000
  111.131715000
  115.803784000
  128.982980000
  130.308496000
  132.680856000
  139.966977000
  142.128720000
  143.386125000
  148.507120000
  149.903798000
  153.706064000
  154.152182000
  157.151418000
  158.275233000
  158.729939000
  163.330618000
  166.377980000
  172.375715000
  173.619816000
  173.932796000
  175.942573000
  176.012145000
  177.055493000
  178.490429000
  180.903456000
  183.521940000
  186.534432000
  192.852271000
  196.771031000
  200.589069000
  208.625787000
  211.638326000
  212.098668000
  224.865147000
  226.293422000
  243.899814000
  488.751614000
  518.440257000
  520.578473000
  534.793868000
  535.012128000
  541.297700000
  550.850267000
  554.779532000
  558.999588000
  570.303113000
  571.751004000
  573.188052000
  584.128789000
  589.285600000
  597.913425000
  598.453685000
  603.296548000
  612.596701000
  615.549812000
  622.759739000
  624.881994000
  628.289318000
  632.529197000
  643.884940000
  647.299739000
  669.909436000
  670.482390000
  695.789399000
  699.813751000
  722.144812000
  728.451261000
  733.183043000
  745.337304000
  763.662596000
  771.908396000
  783.411025000
  800.703013000
  811.173317000
  816.546742000
  822.803828000
  824.941086000
  834.687364000
  841.121910000
  845.121779000
  871.347345000
  872.073021000
  916.570944000
  923.070508000
 1590.366918000
 1608.342243000
 1614.872669000
 1619.759282000
 1625.162515000
 1631.229925000
 1637.600632000
 1643.510990000
 1644.457437000
 1648.756548000
 1652.443018000
 1655.708665000
 1661.660961000
 1666.914949000
 1673.385073000
 1706.811287000
 3360.422856000
 3363.079161000
 3391.533667000
 3391.763916000
 3394.922893000
 3396.894826000
 3398.022310000
 3398.841336000
 3403.482969000
 3404.144692000
 3416.873557000
 3419.943590000
 3441.687046000
 3442.533564000
 3460.556726000
 3462.802936000
 3463.711899000
 3463.771836000
 3467.191289000
 3468.459161000
 3468.529830000
 3487.567562000
 3487.824846000
 3489.140423000
 3499.157187000
 3505.609534000
 3506.796540000
 3510.355111000
 3511.163599000
 3513.998793000
 3514.495605000
 3518.187807000


 P=       0.0000 V=    2175.1883 E=    -550.868389360
    0.000000000    0.000000000    0.000000000
   -0.527834000
   -0.383631000
   -0.317897000
   77.663213000
   96.723146000
   97.140717000
   98.810331000
  109.335245000
  111.581453000
  112.041351000
  115.854041000
  117.256510000
  134.906274000
  139.782187000
  144.069592000
  145.416689000
  153.207565000
  155.789268000
  160.817032000
  162.232916000
  166.164613000
  167.987879000
  171.510385000
  171.758487000
  175.810664000
  178.126526000
  179.498676000
  181.946931000
  184.895006000
  186.692582000
  188.916342000
  189.178356000
  191.844383000
  193.397382000
  194.206381000
  197.033686000
  202.567627000
  209.471501000
  210.380682000
  214.861533000
  225.569596000
  229.530681000
  234.588667000
  240.671671000
  240.821935000
  252.574547000
  252.784490000
  273.803526000
  512.830583000
  539.798445000
  541.081626000
  562.680922000
  562.884139000
  571.251413000
  578.032213000
  581.484466000
  587.975882000
  598.675666000
  598.843274000
  600.993628000
  609.546064000
  614.494181000
  624.171418000
  625.330777000
  627.861072000
  638.374703000
  643.570222000
  649.074414000
  650.614348000
  653.675466000
  661.934569000
  670.131220000
  675.460992000
  697.650800000
  698.920286000
  724.696089000
  726.875263000
  750.886139000
  760.381883000
  762.700431000
  776.312160000
  795.195456000
  805.009643000
  818.670717000
  835.283173000
  844.563680000
  850.659884000
  857.500731000
  859.129246000
  867.840575000
  876.274883000
  880.083670000
  905.870614000
  909.739521000
  953.593936000
  963.192157000
 1591.679262000
 1610.139827000
 1618.081085000
 1621.989771000
 1628.606195000
 1633.498255000
 1641.566438000
 1646.898035000
 1649.478485000
 1652.617143000
 1657.598816000
 1661.982102000
 1666.252921000
 1672.417557000
 1679.580063000
 1716.772266000
 3327.076740000
 3329.223461000
 3359.923303000
 3361.225298000
 3363.630386000
 3364.386217000
 3364.822205000
 3367.419528000
 3376.329000000
 3378.019766000
 3385.362703000
 3387.368830000
 3420.086188000
 3423.108094000
 3428.071495000
 3429.114968000
 3430.226908000
 3430.584193000
 3431.210883000
 3432.602438000
 3446.824270000
 3465.115709000
 3466.855900000
 3472.146480000
 3474.820051000
 3475.531317000
 3482.463256000
 3486.093028000
 3488.440337000
 3489.806633000
 3491.112015000
 3494.069170000


 P=      10.0000 V=    1663.9805 E=    -550.724121990
    0.000000000    0.000000000    0.000000000
   -0.302451000
   -0.270276000
   -0.254779000
  144.732579000
  152.123669000
  152.561245000
  154.940350000
  155.237857000
  157.011470000
  214.784870000
  227.635767000
  234.350605000
  248.057482000
  250.261616000
  253.674741000
  259.522436000
  260.634946000
  266.634497000
  266.993180000
  268.146527000
  269.494954000
  270.504075000
  271.629429000
  272.303287000
  275.611699000
  276.122163000
  276.631651000
  278.556084000
  282.755355000
  287.156561000
  290.739441000
  293.449569000
  302.597874000
  306.473660000
  309.113562000
  317.536890000
  324.575224000
  350.917797000
  351.115685000
  356.404023000
  377.898693000
  379.709212000
  386.376967000
  403.755049000
  406.446011000
  406.499135000
  412.124610000
  444.707973000
  675.845608000
  699.351257000
  700.301837000
  737.675930000
  741.056860000
  749.097110000
  756.330175000
  774.853302000
  776.252100000
  783.160750000
  785.780003000
  789.046645000
  799.973620000
  805.357257000
  810.854207000
  818.887430000
  821.169957000
  824.005719000
  828.149496000
  839.118537000
  839.416841000
  841.771968000
  848.301374000
  853.113818000
  859.302710000
  883.349319000
  895.485642000
  920.634881000
  921.891063000
  947.324466000
  957.558396000
  962.157784000
  983.252776000
  991.943947000
 1018.344604000
 1032.416671000
 1050.304984000
 1055.008137000
 1068.788822000
 1070.536309000
 1075.827694000
 1089.244451000
 1095.679940000
 1103.953593000
 1133.562577000
 1139.322138000
 1185.090096000
 1191.693947000
 1605.032520000
 1631.648262000
 1640.290719000
 1647.119541000
 1657.365288000
 1661.326809000
 1678.712219000
 1682.853319000
 1684.365142000
 1687.745978000
 1694.988005000
 1698.861591000
 1707.898679000
 1713.772551000
 1737.070750000
 1788.703888000
 3019.452713000
 3023.566824000
 3062.644073000
 3064.264304000
 3066.151338000
 3068.304392000
 3069.657376000
 3071.052325000
 3080.715587000
 3083.555055000
 3098.585883000
 3102.345318000
 3121.449340000
 3122.277897000
 3122.589417000
 3122.984025000
 3123.432107000
 3126.365843000
 3242.789675000
 3242.967832000
 3266.540554000
 3271.429153000
 3276.389750000
 3280.328623000
 3282.058395000
 3282.774908000
 3293.509697000
 3300.899879000
 3302.837835000
 3307.654740000
 3309.779024000
 3356.251561000


 P=      30.0000 V=    1361.4113 E=    -550.335437910
    0.000000000    0.000000000    0.000000000
   -0.216911000
   -0.188639000
   -0.168557000
  184.925884000
  186.424259000
  189.209794000
  190.796809000
  191.542085000
  193.330266000
  324.926229000
  335.752013000
  337.466709000
  341.791309000
  342.356063000
  343.351489000
  344.649028000
  344.963068000
  349.622903000
  351.343220000
  353.705667000
  354.661887000
  355.544237000
  362.807955000
  370.049756000
  375.283060000
  378.966877000
  381.696078000
  383.124861000
  389.533887000
  390.906143000
  415.497201000
  420.210575000
  421.890448000
  431.426895000
  438.080481000
  450.124202000
  454.728668000
  490.856502000
  495.548181000
  496.974985000
  520.566432000
  531.260307000
  542.905811000
  558.583341000
  567.564942000
  573.621427000
  581.040044000
  617.118913000
  829.025542000
  843.611149000
  845.856009000
  904.051694000
  908.007827000
  911.247016000
  937.384114000
  951.096323000
  957.731204000
  957.945835000
  960.133016000
  962.736061000
  977.838852000
  979.241111000
  980.194121000
  991.618241000
  994.090441000
  998.170083000
 1002.237937000
 1013.987412000
 1016.569909000
 1023.592289000
 1025.309046000
 1026.068511000
 1035.264928000
 1056.304247000
 1077.564439000
 1094.181214000
 1094.243168000
 1124.890849000
 1137.166066000
 1141.062868000
 1168.970244000
 1184.092536000
 1218.112620000
 1234.425286000
 1250.544993000
 1253.271947000
 1267.072945000
 1270.239404000
 1278.664957000
 1288.167578000
 1296.179217000
 1310.618968000
 1341.411722000
 1350.466894000
 1388.021959000
 1398.050323000
 1623.462192000
 1657.022812000
 1670.097776000
 1675.810897000
 1688.821503000
 1692.818490000
 1713.481530000
 1719.539884000
 1725.120305000
 1727.801846000
 1737.022859000
 1737.371929000
 1748.945621000
 1754.590973000
 1812.681443000
 1870.767080000
 2596.278753000
 2602.830212000
 2646.217292000
 2647.991223000
 2649.286949000
 2650.961967000
 2651.318443000
 2656.190001000
 2663.416870000
 2669.225228000
 2685.163932000
 2687.863188000
 2700.927083000
 2704.376581000
 2704.481291000
 2705.079017000
 2706.366413000
 2708.520640000
 3026.467673000
 3027.533056000
 3045.829464000
 3047.524090000
 3052.262516000
 3057.442362000
 3079.953969000
 3082.623560000
 3101.820125000
 3106.067691000
 3108.061552000
 3109.023415000
 3115.089036000
 3235.157766000


 P=      50.0000 V=    1214.4126 E=    -549.938816890
    0.000000000    0.000000000    0.000000000
   -0.143081000
   -0.135903000
   -0.120891000
  208.188501000
  209.691598000
  211.865952000
  212.611548000
  213.737065000
  215.937182000
  382.823719000
  385.825993000
  386.633338000
  388.457679000
  389.333465000
  391.321261000
  393.758153000
  393.810891000
  410.304614000
  414.825079000
  416.094784000
  418.774560000
  431.061063000
  433.122403000
  439.070912000
  443.774125000
  449.640660000
  451.112245000
  456.860009000
  459.266568000
  460.956483000
  495.492448000
  509.207849000
  511.468701000
  517.636172000
  522.752710000
  546.013898000
  563.479943000
  588.085379000
  591.517954000
  601.582838000
  620.211946000
  636.524163000
  654.555102000
  670.663249000
  683.783741000
  692.029789000
  702.310413000
  737.385306000
  933.074677000
  941.897737000
  944.154435000
 1017.930589000
 1021.002314000
 1023.387908000
 1062.341923000
 1071.757294000
 1076.749913000
 1078.200034000
 1080.650894000
 1080.871860000
 1093.199464000
 1095.769237000
 1096.100961000
 1106.340596000
 1110.077147000
 1111.933236000
 1124.270579000
 1135.896469000
 1137.263443000
 1146.146671000
 1151.144052000
 1153.631016000
 1156.284009000
 1175.947851000
 1198.051225000
 1207.414240000
 1208.871359000
 1241.546575000
 1254.153517000
 1256.516945000
 1278.841287000
 1322.675308000
 1357.019324000
 1374.082161000
 1383.344003000
 1392.020206000
 1399.656396000
 1406.252299000
 1413.860549000
 1420.339865000
 1429.999725000
 1447.151166000
 1476.284360000
 1489.335715000
 1509.713050000
 1538.120120000
 1637.945723000
 1674.077157000
 1693.595846000
 1697.449223000
 1706.519265000
 1716.445523000
 1737.350310000
 1740.255578000
 1750.439470000
 1753.503155000
 1760.296176000
 1772.681187000
 1775.023342000
 1781.816066000
 1883.766230000
 1934.094188000
 2195.350528000
 2207.999229000
 2246.180370000
 2249.980427000
 2257.559891000
 2257.794225000
 2260.677625000
 2264.868728000
 2275.093956000
 2277.236148000
 2286.691204000
 2297.829540000
 2307.020974000
 2313.774044000
 2315.778206000
 2316.686506000
 2319.418919000
 2319.769441000
 2845.467540000
 2848.333534000
 2861.018968000
 2861.548704000
 2864.693115000
 2871.516884000
 2929.646587000
 2935.534337000
 2947.955228000
 2951.354524000
 2952.696910000
 2957.220860000
 2964.686502000
 3145.404389000


 P=      70.0000 V=    1119.2805 E=    -549.551024350
    0.000000000    0.000000000    0.000000000
   -0.108603000
   -0.106489000
   -0.099467000
  224.308528000
  226.495060000
  227.789487000
  228.249014000
  228.465069000
  230.748887000
  410.839431000
  411.845420000
  413.998057000
  416.260635000
  419.197449000
  421.404976000
  422.305090000
  426.607056000
  443.127751000
  464.814792000
  466.699885000
  471.473884000
  482.427443000
  488.174165000
  489.624256000
  497.278931000
  499.296901000
  504.752706000
  510.915116000
  516.156213000
  518.077475000
  560.858873000
  569.687703000
  579.686060000
  589.846961000
  591.894471000
  630.354889000
  651.765431000
  658.315005000
  676.160808000
  692.821147000
  700.327988000
  718.436168000
  746.116934000
  765.079026000
  779.400691000
  789.018370000
  803.612517000
  835.335074000
 1013.598708000
 1018.743548000
 1020.221655000
 1107.169851000
 1109.679950000
 1110.532651000
 1158.911092000
 1165.979652000
 1168.792302000
 1170.986723000
 1172.908232000
 1175.896438000
 1181.466578000
 1183.481527000
 1184.792552000
 1193.110712000
 1194.083312000
 1196.835984000
 1221.318374000
 1231.254802000
 1233.234460000
 1241.783440000
 1247.042818000
 1249.879904000
 1256.041352000
 1269.932590000
 1287.282975000
 1292.226339000
 1296.964300000
 1327.545957000
 1338.168462000
 1341.326865000
 1353.027427000
 1433.853268000
 1466.975980000
 1485.388090000
 1488.187862000
 1499.216493000
 1502.152490000
 1511.618258000
 1518.624637000
 1523.632985000
 1531.792268000
 1546.116365000
 1570.644698000
 1590.204721000
 1595.770575000
 1638.733637000
 1647.124141000
 1674.743888000
 1708.221503000
 1710.177986000
 1712.767188000
 1730.100409000
 1748.036906000
 1750.550587000
 1752.777600000
 1762.560444000
 1763.337279000
 1770.734766000
 1783.068831000
 1785.346330000
 1793.266711000
 1795.052155000
 1835.224013000
 1838.225294000
 1851.550721000
 1855.628676000
 1859.617003000
 1867.996126000
 1872.150631000
 1874.321757000
 1896.634803000
 1899.766735000
 1902.067455000
 1920.650447000
 1921.915890000
 1924.522578000
 1927.885324000
 1927.963604000
 1957.134596000
 1995.466330000
 2677.414916000
 2683.928138000
 2691.505064000
 2694.565622000
 2699.666865000
 2706.282250000
 2800.392576000
 2806.289753000
 2813.322513000
 2816.199776000
 2822.473357000
 2823.372234000
 2832.844000000
 3070.221862000
 weight
 0.0 0.0 0.0 1.0
