

 #v,#q,#freq,#unit
 6, 1, 144,16
 P=      -1.0000 V=    2282.7611 E=    -550.871871690
    0.000000000    0.000000000    0.000000000
   -0.423973000
   -0.392030000
   -0.313584000
   72.406231000
   77.435403000
   91.263277000
  102.599548000
  108.131582000
  109.837390000
  111.391327000
  113.729266000
  113.909646000
  114.227223000
  117.227586000
  131.895007000
  135.582229000
  139.349110000
  142.440001000
  143.949918000
  144.938589000
  150.100245000
  152.084598000
  155.758658000
  157.626751000
  159.257556000
  161.058096000
  164.495838000
  167.021790000
  170.773063000
  171.373853000
  173.518087000
  174.115956000
  174.836766000
  175.183040000
  177.114118000
  179.725071000
  184.071479000
  185.760648000
  197.415346000
  199.387659000
  201.758327000
  207.549063000
  211.357499000
  214.751949000
  217.180250000
  221.658638000
  227.363775000
  249.941265000
  512.107919000
  523.098584000
  537.589859000
  539.540095000
  544.135546000
  547.624897000
  559.666080000
  563.777286000
  568.651236000
  574.773851000
  577.813070000
  581.385095000
  583.337084000
  588.889545000
  592.663124000
  596.913872000
  604.575858000
  612.583151000
  616.629846000
  620.801530000
  632.800584000
  633.586952000
  642.305777000
  646.310279000
  658.948734000
  666.958893000
  699.930588000
  712.215822000
  717.999848000
  739.846584000
  751.540321000
  763.282275000
  767.735661000
  774.868942000
  788.956278000
  801.787443000
  808.087620000
  809.629876000
  825.936832000
  846.781553000
  848.711416000
  851.580844000
  855.717762000
  864.057390000
  870.662077000
  879.798243000
  903.938358000
  955.846770000
 1589.971573000
 1602.827257000
 1604.365703000
 1614.661432000
 1620.166207000
 1627.320558000
 1632.080850000
 1641.240414000
 1643.117111000
 1647.720349000
 1649.846529000
 1655.009590000
 1657.722650000
 1663.721176000
 1668.695290000
 1704.839080000
 3347.245491000
 3350.685894000
 3376.294555000
 3379.808873000
 3381.688909000
 3383.384712000
 3385.776409000
 3392.993795000
 3399.391391000
 3399.583801000
 3400.765191000
 3402.963117000
 3429.166356000
 3431.431171000
 3448.595925000
 3452.105117000
 3453.127642000
 3453.581325000
 3454.639069000
 3460.580022000
 3463.259907000
 3478.801546000
 3485.223864000
 3485.735415000
 3486.258332000
 3487.035481000
 3497.542030000
 3501.398400000
 3502.363693000
 3505.344942000
 3506.186065000
 3513.978106000


 P=       0.0000 V=    2184.1601 E=    -550.872237810
    0.000000000    0.000000000    0.000000000
   -0.413367000
   -0.375489000
   -0.305892000
   93.848161000
   98.572431000
  110.698294000
  112.507988000
  113.889873000
  115.981633000
  117.855668000
  118.178569000
  119.349675000
  123.847278000
  135.246647000
  145.752426000
  150.679394000
  153.919010000
  156.468401000
  158.400047000
  158.844153000
  164.980555000
  166.095079000
  169.469160000
  171.774971000
  172.668323000
  174.798817000
  179.450109000
  180.400289000
  182.298296000
  183.164519000
  184.496518000
  184.666009000
  186.358388000
  188.350061000
  190.198955000
  192.653217000
  199.750883000
  201.233985000
  216.720145000
  218.099780000
  221.978862000
  228.569609000
  233.371862000
  234.450314000
  238.145068000
  242.478758000
  249.211637000
  270.788723000
  516.479895000
  528.599341000
  544.851741000
  546.247861000
  552.248465000
  554.963776000
  568.142420000
  570.933387000
  578.319235000
  582.422343000
  587.221969000
  590.247570000
  590.857621000
  599.056195000
  602.890906000
  608.067670000
  616.180960000
  623.429090000
  627.464006000
  634.112683000
  646.045482000
  648.096286000
  653.839462000
  659.642643000
  672.838887000
  679.387854000
  715.164586000
  727.160416000
  732.186430000
  756.523328000
  767.551099000
  779.744746000
  783.709917000
  793.023035000
  806.626425000
  820.497609000
  827.698007000
  828.244510000
  845.996238000
  866.872805000
  869.492797000
  873.071252000
  876.041294000
  884.970794000
  891.933348000
  902.790869000
  928.344671000
  979.273137000
 1589.882418000
 1603.428427000
 1605.686302000
 1616.249900000
 1621.830592000
 1629.285857000
 1634.716442000
 1644.323585000
 1646.527795000
 1651.051038000
 1653.086720000
 1659.500721000
 1662.273198000
 1668.795109000
 1673.652037000
 1712.278427000
 3333.728227000
 3336.751768000
 3365.009702000
 3366.751935000
 3370.120705000
 3371.520832000
 3374.134059000
 3382.532001000
 3388.533474000
 3388.729228000
 3389.829445000
 3391.113748000
 3424.984494000
 3426.871819000
 3436.407480000
 3437.346006000
 3437.831406000
 3439.458969000
 3443.174951000
 3448.039425000
 3457.388011000
 3475.003078000
 3476.845783000
 3477.348764000
 3478.120310000
 3481.835103000
 3490.100087000
 3494.305851000
 3496.748502000
 3499.118728000
 3499.964054000
 3508.660968000


 P=      10.0000 V=    1664.4902 E=    -550.727174300
    0.000000000    0.000000000    0.000000000
   -0.212307000
   -0.180754000
   -0.166659000
  154.295113000
  155.684430000
  157.425388000
  158.191819000
  160.177568000
  161.992513000
  226.810397000
  233.580812000
  246.241709000
  248.438374000
  251.076815000
  256.145109000
  259.192064000
  259.986343000
  261.323515000
  262.864924000
  265.478867000
  267.287670000
  268.603147000
  269.396884000
  270.453540000
  272.439434000
  273.844228000
  274.291874000
  275.192344000
  275.939302000
  288.048436000
  290.166298000
  299.442696000
  304.767321000
  308.006191000
  311.674446000
  314.351484000
  321.008962000
  323.851056000
  355.737337000
  370.343104000
  377.303094000
  378.632261000
  394.561876000
  398.655421000
  402.715205000
  409.091665000
  417.074826000
  434.001623000
  688.757241000
  695.216062000
  715.644637000
  735.935556000
  742.536132000
  747.019317000
  751.434524000
  755.759150000
  761.094426000
  767.660734000
  771.946580000
  775.849520000
  782.955790000
  790.906446000
  795.620259000
  802.004227000
  805.882046000
  810.074521000
  819.033022000
  828.668754000
  835.526396000
  840.765419000
  848.276436000
  854.839804000
  864.024874000
  876.735516000
  916.032336000
  925.136487000
  937.622972000
  959.849449000
  979.016910000
  988.805800000
 1003.585826000
 1008.884102000
 1024.188126000
 1037.292421000
 1043.940725000
 1046.892948000
 1070.235341000
 1092.954277000
 1097.864516000
 1106.149601000
 1107.932459000
 1115.843548000
 1121.799705000
 1132.304477000
 1164.614203000
 1223.415314000
 1599.234030000
 1618.764271000
 1625.310476000
 1638.473043000
 1645.205226000
 1655.089067000
 1662.885192000
 1674.205244000
 1676.733563000
 1682.285751000
 1686.598654000
 1697.641700000
 1702.419421000
 1710.865534000
 1722.142879000
 1783.778880000
 3019.536101000
 3023.647357000
 3058.007623000
 3060.303600000
 3069.042806000
 3070.400505000
 3071.042580000
 3085.789954000
 3086.471353000
 3092.703036000
 3094.750919000
 3101.714959000
 3124.510143000
 3125.153313000
 3127.319029000
 3128.478960000
 3130.187278000
 3132.662167000
 3246.864903000
 3248.385895000
 3266.783818000
 3269.581891000
 3271.826761000
 3280.492300000
 3285.496050000
 3294.523135000
 3300.322319000
 3301.217701000
 3305.812308000
 3307.611760000
 3319.097793000
 3356.802398000


 P=      30.0000 V=    1361.9750 E=    -550.338735970
    0.000000000    0.000000000    0.000000000
   -0.102341000
   -0.081959000
   -0.073309000
  188.721953000
  190.278519000
  192.136370000
  192.617372000
  194.966282000
  197.538164000
  328.696478000
  332.994146000
  334.680725000
  337.390598000
  339.483405000
  340.380130000
  346.558328000
  347.596344000
  349.824673000
  357.976036000
  359.133552000
  360.932677000
  365.048171000
  367.772866000
  369.140377000
  370.061187000
  376.783214000
  380.400600000
  384.647545000
  391.184771000
  396.616592000
  407.912103000
  414.238327000
  429.419410000
  430.325170000
  438.310262000
  440.161103000
  446.508976000
  458.242510000
  495.743121000
  517.515438000
  519.965149000
  530.175909000
  555.679062000
  558.317007000
  568.261837000
  576.628232000
  579.897130000
  600.257077000
  838.243421000
  840.882216000
  856.285974000
  904.200215000
  909.765668000
  918.899638000
  919.932329000
  929.418438000
  931.571746000
  937.004098000
  945.675295000
  952.758275000
  957.516910000
  964.256230000
  967.145595000
  975.539759000
  976.986457000
  983.460242000
  996.782190000
 1009.466697000
 1010.075918000
 1016.377145000
 1023.364288000
 1032.373538000
 1043.169771000
 1055.419462000
 1098.808718000
 1103.020151000
 1120.076881000
 1136.421129000
 1170.063135000
 1171.043079000
 1201.181008000
 1209.912573000
 1224.135354000
 1233.796745000
 1243.703438000
 1246.994055000
 1268.232781000
 1292.196512000
 1300.595990000
 1312.879030000
 1315.411296000
 1322.703534000
 1328.588979000
 1340.487611000
 1381.855143000
 1424.338833000
 1616.105317000
 1640.873312000
 1650.099882000
 1666.138051000
 1671.296810000
 1682.507283000
 1695.816430000
 1705.003032000
 1707.789900000
 1715.014416000
 1721.924921000
 1736.369927000
 1741.833223000
 1751.016657000
 1793.741047000
 1865.597578000
 2598.879096000
 2602.237402000
 2637.693399000
 2643.506057000
 2653.131569000
 2655.703126000
 2657.767977000
 2669.539962000
 2680.691127000
 2682.281418000
 2683.589509000
 2692.604698000
 2707.970190000
 2709.266815000
 2712.534095000
 2714.979869000
 2715.859156000
 2720.357181000
 3032.858904000
 3033.562064000
 3043.637164000
 3048.750927000
 3049.539064000
 3063.842796000
 3085.587610000
 3095.124253000
 3103.242485000
 3108.086520000
 3110.191963000
 3113.790523000
 3125.098843000
 3236.987694000


 P=      50.0000 V=    1214.6961 E=    -549.941383220
    0.000000000    0.000000000    0.000000000
   -0.140880000
   -0.120039000
   -0.107040000
  210.743824000
  211.641713000
  213.614730000
  214.100708000
  216.306741000
  218.795776000
  378.242999000
  379.857481000
  381.790382000
  384.093780000
  386.388766000
  387.859450000
  402.117028000
  405.071912000
  405.652564000
  421.677255000
  425.634898000
  429.773213000
  433.545069000
  437.034689000
  439.386880000
  442.439951000
  452.536137000
  454.714167000
  459.700186000
  466.982804000
  469.685888000
  492.472406000
  496.890863000
  510.834714000
  517.002915000
  523.255984000
  525.209032000
  546.040554000
  565.350631000
  596.639166000
  619.668050000
  622.078111000
  634.994883000
  670.247084000
  672.656651000
  686.076867000
  692.973002000
  697.151553000
  719.779329000
  938.550523000
  940.954884000
  950.881780000
 1018.371208000
 1022.022409000
 1029.044659000
 1043.830343000
 1052.121639000
 1052.941291000
 1055.763913000
 1068.870677000
 1075.020032000
 1076.578282000
 1083.660113000
 1085.711074000
 1092.072116000
 1092.910908000
 1099.304537000
 1118.854949000
 1131.798437000
 1132.432101000
 1138.521855000
 1146.080902000
 1153.350917000
 1168.219633000
 1177.174465000
 1219.224605000
 1221.290465000
 1238.044004000
 1252.187911000
 1285.658349000
 1294.993580000
 1335.879937000
 1348.011978000
 1354.409759000
 1366.635472000
 1381.732792000
 1383.000449000
 1392.716862000
 1423.578026000
 1433.981398000
 1448.070709000
 1450.582250000
 1459.805282000
 1462.087141000
 1475.313244000
 1526.829122000
 1537.519115000
 1639.994281000
 1662.898969000
 1672.556636000
 1688.591104000
 1694.103726000
 1703.643684000
 1720.391463000
 1724.393465000
 1730.310204000
 1737.522141000
 1746.072885000
 1761.251043000
 1766.297186000
 1778.300040000
 1866.463281000
 1930.399691000
 2192.355526000
 2210.137998000
 2240.213336000
 2247.497253000
 2256.238549000
 2262.398885000
 2268.286244000
 2275.133247000
 2287.930309000
 2289.069714000
 2296.848666000
 2311.879971000
 2315.864862000
 2322.108027000
 2323.492150000
 2326.976822000
 2328.645332000
 2332.112464000
 2850.867905000
 2853.439867000
 2856.395999000
 2864.632493000
 2868.267796000
 2879.914672000
 2935.030948000
 2942.105093000
 2945.969397000
 2954.083952000
 2957.298040000
 2965.338527000
 2971.977565000
 3147.703236000


 P=      70.0000 V=    1119.4593 E=    -549.552857990
    0.000000000    0.000000000    0.000000000
   -0.180670000
   -0.151705000
   -0.144472000
  226.891257000
  227.578428000
  228.728938000
  229.045748000
  231.387353000
  233.507223000
  405.519961000
  407.664344000
  410.879011000
  413.684629000
  415.447478000
  417.520309000
  435.547978000
  437.424791000
  443.351627000
  466.749525000
  478.199167000
  479.753443000
  482.009264000
  490.188589000
  495.560720000
  497.118885000
  505.660708000
  510.342486000
  519.155062000
  525.506345000
  526.824740000
  554.340301000
  561.159721000
  573.766616000
  583.514307000
  592.942922000
  593.884070000
  631.576074000
  657.235534000
  680.990824000
  700.707552000
  708.221616000
  715.982029000
  764.580654000
  767.084170000
  783.467169000
  785.741048000
  797.646463000
  818.931772000
 1016.872838000
 1018.401596000
 1024.281235000
 1107.414816000
 1109.275883000
 1114.693189000
 1144.874887000
 1149.112559000
 1151.057167000
 1153.045911000
 1165.139962000
 1170.136906000
 1170.914884000
 1174.706955000
 1176.724450000
 1181.963210000
 1182.704078000
 1187.923416000
 1212.327203000
 1226.681238000
 1228.823868000
 1234.233438000
 1241.665668000
 1249.902673000
 1266.482816000
 1275.893065000
 1305.771800000
 1311.667229000
 1324.616654000
 1335.348682000
 1364.452353000
 1379.345763000
 1424.742335000
 1445.539861000
 1458.560864000
 1474.330065000
 1486.081930000
 1489.493932000
 1491.508977000
 1528.545241000
 1531.031317000
 1542.453862000
 1548.808552000
 1559.397570000
 1564.224743000
 1575.248532000
 1608.782649000
 1632.468139000
 1666.230259000
 1681.890565000
 1688.748846000
 1703.277053000
 1710.462867000
 1715.499516000
 1728.841040000
 1734.278338000
 1739.797509000
 1751.787016000
 1756.495044000
 1772.449754000
 1774.043556000
 1777.110087000
 1788.444431000
 1814.253324000
 1821.575328000
 1835.514424000
 1849.414379000
 1850.911482000
 1858.791152000
 1865.259607000
 1886.020768000
 1888.964246000
 1898.114612000
 1914.030137000
 1917.925251000
 1919.103100000
 1922.482542000
 1926.248390000
 1933.018767000
 1935.721883000
 1944.751196000
 1989.207928000
 2682.544924000
 2685.977380000
 2688.671995000
 2696.515487000
 2699.590261000
 2711.919441000
 2805.925211000
 2806.849184000
 2811.628149000
 2819.624323000
 2821.532905000
 2828.075701000
 2837.913506000
 3071.101417000
 weight
 0.0 0.0 0.0 1.0
