

 #v,#q,#freq,#unit
 6, 1, 144,16
 P=      -1.0000 V=    2294.4993 E=    -550.869726690
    0.000000000    0.000000000    0.000000000
   -0.381627000
   -0.283799000
   -0.250643000
   69.903037000
   72.284097000
   84.892673000
   97.378630000
  103.216324000
  107.615392000
  108.132699000
  111.560241000
  112.565609000
  115.072208000
  120.841456000
  122.976800000
  132.904444000
  136.608170000
  138.025893000
  141.259832000
  142.555204000
  147.801703000
  155.460948000
  156.289537000
  156.849364000
  158.480709000
  161.666160000
  166.003384000
  167.166344000
  167.380360000
  171.217364000
  171.354380000
  173.052784000
  174.844243000
  175.226370000
  175.827379000
  177.635545000
  182.929677000
  184.461566000
  193.368228000
  199.223686000
  200.868448000
  202.991365000
  207.545057000
  216.680938000
  217.155728000
  220.443779000
  222.413506000
  244.334284000
  508.247592000
  518.845790000
  523.778944000
  537.654860000
  540.392797000
  550.446093000
  556.516529000
  560.008884000
  564.520821000
  567.372147000
  576.091774000
  580.653784000
  584.460026000
  588.339687000
  589.374317000
  598.149913000
  602.055157000
  606.246774000
  612.077837000
  623.200007000
  625.493449000
  636.961433000
  638.742776000
  644.284834000
  657.013436000
  667.098621000
  688.707760000
  693.141782000
  715.080603000
  723.407067000
  729.740210000
  740.335712000
  761.655051000
  776.632083000
  783.537648000
  785.748622000
  794.176966000
  800.729883000
  813.408576000
  821.624398000
  825.765435000
  829.586097000
  839.934708000
  858.932239000
  876.024676000
  884.157807000
  896.904376000
  917.076423000
 1593.105294000
 1599.276550000
 1616.810572000
 1624.462082000
 1627.580962000
 1632.061018000
 1638.470216000
 1639.101298000
 1643.906496000
 1649.817358000
 1651.123070000
 1656.061332000
 1662.263646000
 1669.727408000
 1682.285065000
 1701.392548000
 3357.889026000
 3359.701517000
 3387.104532000
 3388.889394000
 3392.181116000
 3393.997028000
 3404.877712000
 3406.043023000
 3406.158893000
 3407.291354000
 3408.418635000
 3408.717037000
 3409.964811000
 3410.995058000
 3456.937872000
 3459.952031000
 3460.000651000
 3460.420498000
 3463.490871000
 3483.484464000
 3488.290918000
 3489.275625000
 3489.700231000
 3491.493886000
 3491.618298000
 3493.015154000
 3493.797683000
 3494.753364000
 3503.649917000
 3507.741264000
 3508.911106000
 3511.911835000


 P=       0.0000 V=    2181.9753 E=    -550.870259170
    0.000000000    0.000000000    0.000000000
   -0.331855000
   -0.256264000
   -0.252485000
   94.157619000
   96.251878000
  107.885803000
  109.079166000
  112.938653000
  113.557689000
  117.154939000
  117.848821000
  119.107923000
  122.207177000
  141.200882000
  142.312791000
  149.084731000
  152.395521000
  153.611148000
  157.217333000
  158.277463000
  163.775841000
  170.854270000
  171.925772000
  172.730166000
  173.870557000
  178.576068000
  181.510042000
  182.995026000
  183.293212000
  185.645829000
  186.314441000
  187.258266000
  188.737599000
  188.921105000
  189.905146000
  191.710096000
  201.974524000
  204.061756000
  213.194317000
  221.866558000
  223.507039000
  227.314513000
  230.218853000
  238.603635000
  241.461300000
  242.561513000
  246.668047000
  268.381872000
  520.318311000
  531.659907000
  539.134466000
  553.683192000
  557.036987000
  567.929566000
  573.595893000
  576.880288000
  582.468386000
  584.619278000
  595.225836000
  598.840907000
  601.262182000
  606.314360000
  606.849563000
  616.194422000
  620.747357000
  624.960028000
  631.176151000
  643.266464000
  646.504660000
  655.489716000
  657.116486000
  663.708203000
  677.588462000
  686.139642000
  709.774446000
  715.371053000
  736.826145000
  746.791473000
  753.873859000
  763.165653000
  785.799302000
  801.587122000
  809.011714000
  811.067817000
  820.693313000
  825.902514000
  839.382333000
  850.036477000
  853.448679000
  855.741285000
  867.023331000
  887.992838000
  903.813167000
  914.712763000
  926.202174000
  947.352272000
 1592.969585000
 1599.515968000
 1617.926502000
 1626.381273000
 1629.529297000
 1634.015334000
 1641.108062000
 1641.455327000
 1646.664519000
 1652.809542000
 1654.568036000
 1659.610594000
 1666.362472000
 1674.859662000
 1689.070701000
 1709.053648000
 3333.848572000
 3336.027156000
 3364.427669000
 3366.556740000
 3371.113444000
 3373.918894000
 3384.025431000
 3385.007667000
 3386.857451000
 3387.086725000
 3388.288992000
 3389.081427000
 3390.108065000
 3390.687003000
 3434.698932000
 3435.317314000
 3435.687414000
 3436.672864000
 3452.656447000
 3470.670670000
 3472.856308000
 3473.297387000
 3474.548736000
 3475.010739000
 3477.457341000
 3478.084229000
 3479.236568000
 3480.574498000
 3488.124793000
 3492.988833000
 3495.159228000
 3498.252017000


 P=      10.0000 V=    1664.4046 E=    -550.725256390
    0.000000000    0.000000000    0.000000000
   -0.219585000
   -0.183557000
   -0.177402000
  153.680402000
  155.044633000
  155.518522000
  156.354328000
  158.630398000
  165.366733000
  225.288889000
  227.661063000
  239.723129000
  245.863783000
  250.430624000
  255.597311000
  257.883773000
  260.234059000
  261.056396000
  265.073624000
  266.097003000
  267.069845000
  267.686279000
  269.416665000
  270.072901000
  271.318760000
  271.586537000
  275.803237000
  276.558887000
  280.151318000
  287.988817000
  291.130306000
  298.791509000
  300.614637000
  303.510891000
  308.611710000
  318.305832000
  337.231214000
  341.691217000
  352.034008000
  377.215639000
  379.292984000
  384.063028000
  385.261110000
  389.111987000
  403.131070000
  406.684807000
  413.793221000
  434.327687000
  688.368127000
  694.531355000
  702.966370000
  734.630041000
  741.019967000
  750.893710000
  760.829125000
  768.735769000
  770.922060000
  776.897570000
  784.598982000
  789.098077000
  790.453026000
  796.293842000
  798.485125000
  803.535340000
  809.814077000
  816.860121000
  822.763341000
  835.803611000
  839.605385000
  840.564073000
  847.298005000
  855.309333000
  869.486203000
  874.933984000
  900.330263000
  914.132044000
  931.993274000
  945.494946000
  953.845959000
  970.158614000
 1002.180322000
 1016.431478000
 1028.489184000
 1031.799502000
 1037.701976000
 1047.630596000
 1061.637968000
 1068.759547000
 1077.568607000
 1078.745357000
 1088.091576000
 1114.730686000
 1129.714615000
 1150.108990000
 1160.039259000
 1182.623127000
 1605.941567000
 1616.369241000
 1638.935107000
 1653.539328000
 1656.503501000
 1662.628963000
 1672.496676000
 1673.136880000
 1680.306952000
 1687.749419000
 1689.880091000
 1695.802678000
 1708.191613000
 1716.979020000
 1753.040943000
 1776.997015000
 3022.692656000
 3026.859840000
 3062.442839000
 3066.883480000
 3070.395489000
 3074.106289000
 3088.752401000
 3090.183090000
 3091.337254000
 3092.529040000
 3093.496767000
 3095.141976000
 3095.915587000
 3096.773768000
 3124.590183000
 3124.774857000
 3125.269420000
 3125.400280000
 3264.978751000
 3265.233471000
 3266.498100000
 3269.716833000
 3270.788423000
 3283.964477000
 3286.490378000
 3287.274525000
 3288.087554000
 3291.448463000
 3302.128925000
 3303.247139000
 3311.230073000
 3355.229014000


 P=      30.0000 V=    1361.5963 E=    -550.336356300
    0.000000000    0.000000000    0.000000000
   -0.088189000
   -0.079949000
   -0.071545000
  189.875990000
  190.349346000
  191.287144000
  191.705668000
  194.067904000
  200.896348000
  328.305844000
  329.356687000
  337.481185000
  338.524516000
  339.066899000
  341.494655000
  341.985273000
  344.344464000
  347.197729000
  349.782564000
  358.111721000
  360.752660000
  365.988548000
  366.612174000
  368.155909000
  370.821068000
  377.273137000
  379.642647000
  383.456265000
  391.273445000
  402.274267000
  409.062810000
  409.857337000
  413.662804000
  416.531189000
  441.479263000
  455.307982000
  474.349323000
  483.884960000
  491.628749000
  529.617940000
  531.311873000
  534.818307000
  536.903344000
  537.711114000
  566.355596000
  570.661572000
  583.022756000
  601.584325000
  838.363469000
  840.939009000
  847.092672000
  901.584688000
  907.458969000
  913.886729000
  937.101756000
  943.932522000
  948.350012000
  953.498030000
  958.740332000
  963.755230000
  966.245960000
  972.153333000
  973.674664000
  977.663671000
  981.559269000
  991.474441000
  996.818101000
 1008.373177000
 1012.387241000
 1016.549580000
 1028.994757000
 1037.288640000
 1047.567973000
 1049.266843000
 1075.633264000
 1091.132431000
 1106.271221000
 1122.443163000
 1137.249959000
 1155.715557000
 1199.514764000
 1216.907702000
 1230.252994000
 1233.039745000
 1237.956673000
 1248.243546000
 1263.920890000
 1267.855009000
 1283.136179000
 1284.481608000
 1290.227930000
 1319.347363000
 1330.085545000
 1356.597789000
 1376.324202000
 1386.721354000
 1625.466295000
 1639.990903000
 1665.700861000
 1683.953125000
 1686.562412000
 1693.954797000
 1706.950617000
 1707.656361000
 1716.925874000
 1721.792439000
 1730.497504000
 1734.019970000
 1751.105103000
 1761.397503000
 1832.875429000
 1857.124673000
 2600.675561000
 2605.904150000
 2644.774278000
 2649.976153000
 2651.900604000
 2657.306796000
 2672.991402000
 2674.599076000
 2675.441064000
 2677.458617000
 2679.174883000
 2679.390498000
 2682.597821000
 2682.868644000
 2705.535754000
 2705.951411000
 2706.706080000
 2706.760091000
 3038.711430000
 3039.331810000
 3040.505220000
 3045.747780000
 3047.336833000
 3056.861292000
 3092.166706000
 3092.503265000
 3092.789963000
 3102.743677000
 3103.307013000
 3109.487577000
 3115.167445000
 3234.612749000


 P=      50.0000 V=    1214.9682 E=    -549.941131340
    0.000000000    0.000000000    0.000000000
   -0.151864000
   -0.135203000
   -0.117155000
  210.847269000
  212.492412000
  213.155763000
  213.317630000
  215.584360000
  220.660778000
  378.297823000
  382.756142000
  385.493511000
  385.687440000
  386.225509000
  388.620692000
  390.317971000
  399.877194000
  405.289479000
  413.514771000
  422.954666000
  429.252839000
  430.674557000
  438.073240000
  440.538819000
  441.613492000
  448.385425000
  454.179738000
  457.695384000
  467.033710000
  481.121702000
  485.440899000
  486.986465000
  493.019218000
  495.791995000
  543.904644000
  556.934434000
  573.055520000
  586.063363000
  592.234726000
  633.793181000
  635.797307000
  639.798125000
  640.130368000
  644.536353000
  682.449837000
  687.473845000
  702.843616000
  718.484840000
  937.315759000
  938.583042000
  943.249078000
 1014.716701000
 1018.947698000
 1023.449414000
 1057.447574000
 1063.009425000
 1067.672703000
 1073.023426000
 1076.498636000
 1079.425202000
 1083.678593000
 1087.916146000
 1090.857236000
 1093.536033000
 1096.980082000
 1102.606589000
 1112.005392000
 1125.785218000
 1129.422171000
 1138.564320000
 1154.891153000
 1161.062419000
 1164.861693000
 1170.451994000
 1190.544403000
 1202.245635000
 1218.456318000
 1235.178643000
 1256.076154000
 1274.434865000
 1334.293928000
 1350.214587000
 1359.530618000
 1367.489833000
 1372.647228000
 1377.003288000
 1395.224835000
 1404.222501000
 1416.856314000
 1421.943193000
 1423.497302000
 1447.956155000
 1458.715335000
 1487.666843000
 1512.333740000
 1518.473670000
 1644.201063000
 1661.059319000
 1686.315652000
 1704.333357000
 1706.271159000
 1714.672641000
 1730.072653000
 1731.756633000
 1740.250987000
 1744.218242000
 1757.928148000
 1759.971035000
 1780.341401000
 1790.181049000
 1900.872463000
 1921.235506000
 2202.801920000
 2210.196242000
 2242.065609000
 2254.751606000
 2265.586850000
 2276.815756000
 2283.037361000
 2287.193160000
 2287.741960000
 2294.283859000
 2297.567898000
 2300.371880000
 2305.409808000
 2308.905491000
 2321.584183000
 2324.509355000
 2327.302097000
 2332.520919000
 2855.156885000
 2859.550049000
 2859.758154000
 2864.159316000
 2869.133863000
 2879.537764000
 2942.430843000
 2945.587010000
 2946.105121000
 2950.746167000
 2956.872736000
 2965.348455000
 2970.066932000
 3148.982100000


 P=      70.0000 V=    1120.0140 E=    -549.554590350
    0.000000000    0.000000000    0.000000000
   -0.131383000
   -0.126680000
   -0.109895000
  226.613322000
  227.917766000
  228.545762000
  228.911836000
  230.776440000
  234.998018000
  406.281495000
  411.111089000
  414.571295000
  415.053643000
  417.081335000
  418.097980000
  422.656463000
  431.630023000
  442.902552000
  460.774428000
  472.519613000
  479.868767000
  482.093792000
  491.096588000
  494.330375000
  496.384955000
  504.821578000
  508.852031000
  515.390700000
  528.577804000
  536.918714000
  546.991850000
  549.291608000
  554.009847000
  558.536674000
  630.952838000
  642.423204000
  655.289019000
  671.150710000
  676.548714000
  714.962764000
  716.980680000
  723.225851000
  726.855740000
  731.021011000
  778.054580000
  783.199787000
  802.643018000
  813.660181000
 1014.151220000
 1014.612411000
 1017.371177000
 1102.368854000
 1105.544359000
 1108.800616000
 1152.142806000
 1156.682667000
 1160.593777000
 1165.232517000
 1168.665846000
 1170.826806000
 1174.603919000
 1176.806807000
 1179.592372000
 1182.051539000
 1185.187007000
 1187.570411000
 1202.296480000
 1217.360073000
 1224.868011000
 1236.659711000
 1250.364416000
 1254.773108000
 1258.032565000
 1268.870859000
 1281.239239000
 1286.493224000
 1302.005424000
 1317.992243000
 1342.614268000
 1356.986143000
 1424.730696000
 1447.487724000
 1461.539243000
 1475.661806000
 1479.027945000
 1482.598826000
 1499.651889000
 1510.488543000
 1519.095070000
 1523.512792000
 1526.158814000
 1539.272608000
 1552.263633000
 1580.772829000
 1598.431694000
 1622.924727000
 1665.473427000
 1679.001225000
 1701.391555000
 1711.782450000
 1715.475404000
 1725.575751000
 1742.936895000
 1745.079636000
 1750.262212000
 1759.754418000
 1770.461018000
 1776.756166000
 1786.223870000
 1796.751557000
 1808.404379000
 1818.421064000
 1848.388910000
 1852.940519000
 1867.962872000
 1874.138792000
 1887.957547000
 1889.654868000
 1896.360653000
 1903.085570000
 1907.436804000
 1911.140467000
 1914.668609000
 1915.609327000
 1933.760191000
 1935.944508000
 1939.998174000
 1942.818805000
 1967.157047000
 1982.899104000
 2694.732366000
 2697.804117000
 2700.003117000
 2701.278350000
 2704.045848000
 2712.725745000
 2814.307729000
 2818.952387000
 2820.562585000
 2822.161017000
 2826.672237000
 2830.695778000
 2840.938332000
 3076.277374000
 weight
 0.0 0.0 0.0 1.0
