

 #v,#q,#freq,#unit
 6, 1, 144,16
 P=      -1.0000 V=    2289.9201 E=    -550.875818210
    0.000000000    0.000000000    0.000000000
   -2.326102000
   -0.871171000
   -0.871171000
   47.501069000
   67.451191000
  104.130160000
  104.130160000
  115.206962000
  115.497635000
  118.649951000
  120.184839000
  122.782537000
  122.782537000
  123.493526000
  123.736548000
  135.997167000
  135.997167000
  136.324857000
  140.793023000
  151.590167000
  151.590167000
  156.446994000
  156.446994000
  157.152026000
  159.678489000
  160.964048000
  163.171089000
  163.171089000
  163.793268000
  165.966134000
  166.880460000
  169.118719000
  169.118719000
  173.799197000
  177.040194000
  177.040194000
  183.935847000
  184.341145000
  184.341145000
  189.726202000
  206.791448000
  206.791448000
  215.761712000
  217.662197000
  217.662197000
  219.939520000
  220.940398000
  246.020290000
  522.039127000
  522.039127000
  522.582385000
  532.197228000
  535.808200000
  535.808200000
  546.450296000
  549.408164000
  549.408164000
  553.404652000
  554.877555000
  576.213587000
  591.773705000
  591.773705000
  599.952220000
  601.318692000
  612.770142000
  614.584344000
  614.584344000
  624.744292000
  629.994699000
  633.188245000
  637.656023000
  637.656023000
  640.739866000
  663.905539000
  663.905539000
  679.477900000
  693.495517000
  734.055256000
  734.055256000
  739.903488000
  768.412164000
  782.484873000
  796.350219000
  816.886782000
  816.886782000
  820.489438000
  825.728798000
  825.728798000
  845.818490000
  855.498108000
  860.307992000
  860.307992000
  884.434261000
  901.296051000
  901.296051000
  993.653099000
 1572.072985000
 1596.823005000
 1606.154869000
 1606.154869000
 1607.756392000
 1616.807328000
 1638.342543000
 1638.342543000
 1648.847970000
 1648.847970000
 1649.356962000
 1649.851927000
 1657.100339000
 1657.100339000
 1666.820058000
 1699.516524000
 3348.817944000
 3351.291366000
 3365.227495000
 3367.975618000
 3384.102546000
 3384.102546000
 3396.879917000
 3396.879917000
 3404.263384000
 3404.263384000
 3405.542703000
 3407.153421000
 3423.111702000
 3423.111702000
 3437.619441000
 3447.576935000
 3465.591318000
 3469.336298000
 3476.406499000
 3476.406499000
 3483.280616000
 3493.033723000
 3493.033723000
 3493.284281000
 3497.241754000
 3497.290470000
 3499.495221000
 3499.495221000
 3513.756546000
 3513.756546000
 3522.372949000
 3524.649432000


 P=       0.0000 V=    2200.1904 E=    -550.876533720
    0.000000000    0.000000000    0.000000000
   -1.607943000
   -0.821467000
   -0.821467000
   71.683257000
   87.281943000
  117.988746000
  118.966043000
  118.966043000
  119.384083000
  125.845293000
  128.229844000
  128.419290000
  128.419290000
  133.780687000
  135.722714000
  147.712664000
  147.712664000
  149.079356000
  153.805730000
  164.587288000
  164.587288000
  168.322953000
  168.322953000
  168.723351000
  170.021149000
  171.638432000
  174.771665000
  174.916068000
  174.916068000
  175.568202000
  178.034525000
  181.254054000
  181.254054000
  185.135598000
  190.501286000
  190.501286000
  198.713261000
  198.713261000
  199.941923000
  207.440354000
  224.917601000
  224.917601000
  235.261882000
  236.820493000
  236.820493000
  240.003050000
  240.551824000
  265.700044000
  522.757493000
  523.047117000
  523.047117000
  534.448671000
  535.144295000
  535.144295000
  547.363087000
  550.545737000
  550.545737000
  554.974479000
  558.131214000
  577.446769000
  597.801937000
  597.801937000
  604.222616000
  605.879667000
  621.210889000
  622.724358000
  622.724358000
  630.627471000
  634.773048000
  640.585048000
  644.682016000
  644.682016000
  650.312183000
  671.985297000
  671.985297000
  685.677604000
  702.264518000
  743.860271000
  743.860271000
  751.438007000
  781.204202000
  793.305003000
  811.751029000
  830.908238000
  830.908238000
  836.052894000
  839.570682000
  839.570682000
  861.043794000
  872.479615000
  876.814738000
  876.814738000
  902.151165000
  920.265143000
  920.265143000
 1014.918649000
 1569.499447000
 1596.145309000
 1605.891853000
 1605.891853000
 1607.695743000
 1617.359560000
 1639.668823000
 1639.668823000
 1650.938648000
 1650.938648000
 1651.073184000
 1652.004508000
 1659.925584000
 1659.925584000
 1670.925362000
 1705.045177000
 3340.533938000
 3343.138029000
 3356.527894000
 3358.681152000
 3378.725490000
 3378.725490000
 3391.710018000
 3391.710018000
 3399.585732000
 3399.585732000
 3404.699461000
 3405.678965000
 3420.616291000
 3420.616291000
 3432.983646000
 3441.553663000
 3460.327873000
 3464.553984000
 3475.124529000
 3475.124529000
 3485.162721000
 3492.780519000
 3492.780519000
 3494.425249000
 3495.308923000
 3500.103375000
 3500.592125000
 3500.592125000
 3515.391423000
 3515.391423000
 3525.745229000
 3528.168099000


 P=      10.0000 V=    1665.1612 E=    -550.731363830
    0.000000000    0.000000000    0.000000000
   -0.323640000
   -0.270269000
   -0.157331000
  157.344700000
  160.132109000
  167.356076000
  168.406851000
  168.510756000
  169.836507000
  213.018441000
  231.069758000
  245.770673000
  248.512138000
  250.603096000
  250.668376000
  253.979072000
  254.038494000
  262.733142000
  263.558311000
  263.896690000
  265.040406000
  265.559036000
  265.720000000
  272.359835000
  272.458205000
  272.990043000
  279.790315000
  286.673422000
  286.780594000
  289.387887000
  296.800712000
  297.157308000
  302.675037000
  302.870598000
  312.171047000
  312.345298000
  321.953153000
  322.188097000
  355.004715000
  356.895274000
  375.379759000
  375.687663000
  390.388749000
  403.655233000
  403.900519000
  405.701066000
  414.737970000
  436.242841000
  702.898244000
  702.946085000
  714.786851000
  722.388677000
  722.953829000
  730.576190000
  736.805484000
  745.717203000
  746.100490000
  759.849109000
  760.313873000
  769.787174000
  802.410629000
  802.619423000
  803.587776000
  809.170133000
  816.329426000
  826.261542000
  826.827685000
  828.469410000
  832.381616000
  832.705957000
  840.408151000
  840.615040000
  848.395065000
  887.294663000
  887.753520000
  904.484710000
  905.995081000
  974.425543000
  975.122969000
  975.712122000
  993.053051000
 1024.406685000
 1044.333554000
 1044.506652000
 1050.418438000
 1064.308454000
 1068.732097000
 1068.855944000
 1091.207515000
 1107.951747000
 1110.550950000
 1110.912433000
 1122.367487000
 1163.610762000
 1163.945492000
 1270.154264000
 1566.452826000
 1605.142403000
 1622.495660000
 1622.629917000
 1632.825154000
 1639.530125000
 1670.137991000
 1670.222121000
 1687.339627000
 1687.392256000
 1688.361029000
 1692.086450000
 1698.328873000
 1698.439440000
 1719.448073000
 1783.648090000
 3024.945464000
 3030.612092000
 3062.796639000
 3068.842181000
 3074.408650000
 3076.222352000
 3083.466447000
 3085.123259000
 3089.781040000
 3091.260315000
 3102.611860000
 3103.782351000
 3128.779845000
 3131.583402000
 3133.126591000
 3133.581942000
 3134.166092000
 3136.316116000
 3249.390824000
 3249.889316000
 3275.576042000
 3275.725755000
 3282.799057000
 3283.564265000
 3283.763627000
 3289.363660000
 3298.439112000
 3309.409956000
 3310.364231000
 3314.360880000
 3319.226577000
 3359.161583000


 P=      30.0000 V=    1362.6221 E=    -550.342654310
    0.000000000    0.000000000    0.000000000
   -0.173385000
   -0.163085000
   -0.146180000
  190.674131000
  194.656333000
  200.441177000
  200.543778000
  200.661648000
  202.350028000
  321.965011000
  331.325813000
  332.920941000
  332.989920000
  334.266778000
  340.402619000
  344.123404000
  349.584757000
  350.279633000
  353.309714000
  353.350335000
  356.119065000
  363.443117000
  363.496527000
  368.842495000
  373.103153000
  373.163856000
  388.563442000
  392.286636000
  392.876367000
  392.904704000
  423.422680000
  428.814334000
  428.967965000
  431.936090000
  432.025547000
  441.964065000
  446.262379000
  446.361678000
  496.486006000
  498.670949000
  519.080290000
  519.093657000
  547.113418000
  569.553426000
  569.666987000
  569.830726000
  586.166642000
  603.486154000
  844.270313000
  844.467375000
  858.654662000
  891.534091000
  891.599663000
  901.609952000
  909.412236000
  916.777565000
  916.935743000
  919.043376000
  943.917077000
  946.559259000
  971.618024000
  972.860324000
  976.913374000
  976.946909000
  984.881877000
  997.074934000
 1005.780629000
 1005.909510000
 1008.554503000
 1010.157598000
 1012.005285000
 1012.196410000
 1028.836295000
 1075.243022000
 1075.325663000
 1075.714385000
 1095.145772000
 1173.909126000
 1174.138223000
 1176.930649000
 1187.108374000
 1210.726568000
 1231.153985000
 1231.277518000
 1254.933483000
 1264.652124000
 1268.913678000
 1269.143898000
 1290.005853000
 1310.966299000
 1318.070522000
 1318.432178000
 1327.821559000
 1379.381327000
 1379.578040000
 1470.528745000
 1572.228689000
 1617.565671000
 1642.895733000
 1643.073445000
 1660.928876000
 1672.049750000
 1700.167083000
 1700.293562000
 1723.088647000
 1723.166705000
 1724.963508000
 1735.751446000
 1736.926374000
 1736.991921000
 1784.600931000
 1868.133494000
 2595.342747000
 2613.841658000
 2651.600525000
 2652.814069000
 2664.125555000
 2664.493532000
 2668.620075000
 2669.453710000
 2677.501730000
 2678.037410000
 2702.536908000
 2703.193606000
 2712.803147000
 2720.343798000
 2720.868655000
 2721.030467000
 2721.130394000
 2725.047558000
 3034.661864000
 3034.880366000
 3055.240748000
 3055.791304000
 3059.970935000
 3063.361130000
 3089.046916000
 3089.297207000
 3113.280435000
 3114.388031000
 3114.731035000
 3123.290413000
 3124.825968000
 3240.294248000


 P=      50.0000 V=    1214.8345 E=    -549.943704340
    0.000000000    0.000000000    0.000000000
   -0.242074000
   -0.199283000
   -0.182350000
  211.903363000
  214.857256000
  219.761356000
  219.792705000
  219.862909000
  221.456828000
  378.054559000
  378.424018000
  379.760637000
  379.854615000
  385.176464000
  388.613877000
  403.711285000
  410.096107000
  410.271385000
  414.869661000
  423.944349000
  430.177987000
  431.115571000
  431.240392000
  433.265549000
  444.984024000
  445.570953000
  457.540844000
  461.784917000
  462.282117000
  462.422466000
  511.875277000
  512.374676000
  513.099190000
  519.304118000
  519.840445000
  543.236203000
  543.759109000
  551.937007000
  587.672197000
  605.076970000
  619.718424000
  620.449159000
  659.412747000
  686.413356000
  687.938285000
  688.157347000
  709.898783000
  722.252876000
  943.963265000
  944.315631000
  954.829214000
 1012.499665000
 1012.948801000
 1029.730751000
 1030.788479000
 1036.180621000
 1039.845034000
 1040.174406000
 1070.702334000
 1072.260591000
 1088.870765000
 1090.346188000
 1094.832153000
 1094.954630000
 1101.196937000
 1109.788749000
 1127.635143000
 1128.199380000
 1131.219617000
 1134.570125000
 1138.544512000
 1139.607750000
 1157.763183000
 1191.558423000
 1204.935183000
 1205.854755000
 1225.664593000
 1315.851156000
 1316.771394000
 1317.272496000
 1323.070049000
 1329.526944000
 1344.934177000
 1345.333425000
 1391.034298000
 1401.159067000
 1406.768878000
 1407.369148000
 1424.886558000
 1439.018663000
 1453.761425000
 1454.781076000
 1461.115802000
 1526.170398000
 1526.551709000
 1543.246746000
 1617.286181000
 1626.933750000
 1663.335448000
 1663.872179000
 1686.046903000
 1704.522800000
 1719.669342000
 1719.820797000
 1747.470406000
 1747.660481000
 1749.705242000
 1761.795070000
 1762.200079000
 1769.700358000
 1853.600980000
 1935.436729000
 2193.639390000
 2212.413872000
 2246.805083000
 2257.587852000
 2260.987914000
 2269.032062000
 2273.906279000
 2276.306538000
 2281.704141000
 2283.599754000
 2299.474068000
 2306.993622000
 2314.762020000
 2321.848514000
 2326.940413000
 2328.561018000
 2328.708034000
 2332.194279000
 2848.902780000
 2852.114789000
 2866.276339000
 2867.719504000
 2867.830354000
 2875.931092000
 2934.284318000
 2937.498147000
 2956.340300000
 2956.544586000
 2956.933979000
 2965.598537000
 2967.018530000
 3147.512314000


 P=      70.0000 V=    1119.4913 E=    -549.554263230
    0.000000000    0.000000000    0.000000000
   -0.239101000
   -0.226207000
   -0.212263000
  226.738189000
  228.707287000
  232.712845000
  232.833418000
  232.848371000
  234.103266000
  405.482533000
  407.362008000
  407.590814000
  408.176154000
  415.793869000
  419.428258000
  441.973283000
  442.221644000
  443.620235000
  467.318682000
  479.834753000
  483.285784000
  483.702494000
  484.194422000
  484.799061000
  499.744220000
  500.193817000
  506.399200000
  510.510477000
  511.303631000
  515.986669000
  575.135812000
  575.302642000
  583.195263000
  590.575359000
  590.744936000
  628.064722000
  628.422612000
  646.121098000
  651.332767000
  694.956022000
  701.871225000
  702.833785000
  750.840739000
  784.289622000
  784.970173000
  785.178619000
  812.924284000
  818.372045000
 1019.989619000
 1020.363724000
 1027.055214000
 1104.700351000
 1104.783053000
 1116.035152000
 1133.689759000
 1137.960033000
 1140.341072000
 1140.576571000
 1167.634383000
 1168.938018000
 1178.265447000
 1180.277257000
 1183.572679000
 1184.119179000
 1189.053596000
 1194.505755000
 1220.683107000
 1221.260503000
 1223.474277000
 1227.455235000
 1239.080562000
 1239.502518000
 1257.824356000
 1280.168444000
 1299.826744000
 1300.921843000
 1318.750947000
 1402.133845000
 1408.743353000
 1409.599482000
 1429.766173000
 1437.958246000
 1438.332748000
 1438.476486000
 1467.377203000
 1505.473537000
 1512.774137000
 1512.877830000
 1513.340025000
 1528.845867000
 1554.349698000
 1555.372472000
 1556.338755000
 1586.722815000
 1631.903141000
 1632.754722000
 1637.464417000
 1661.379235000
 1683.164833000
 1683.677669000
 1708.112395000
 1729.528373000
 1729.719369000
 1730.234385000
 1758.306970000
 1758.527964000
 1759.808123000
 1761.233611000
 1768.092177000
 1774.736070000
 1775.041047000
 1815.085811000
 1848.821111000
 1851.011437000
 1854.791737000
 1858.565170000
 1865.343246000
 1869.170319000
 1871.590943000
 1874.689480000
 1904.433437000
 1904.484431000
 1909.201445000
 1915.386574000
 1931.520671000
 1931.644285000
 1933.326118000
 1935.188631000
 1938.894867000
 1994.599562000
 2681.929044000
 2683.542202000
 2696.932427000
 2699.103505000
 2702.400460000
 2705.453357000
 2804.060888000
 2805.643841000
 2818.802364000
 2822.071893000
 2825.237916000
 2827.486780000
 2831.307018000
 3071.299381000
 weight
 0.0 0.0 0.0 1.0
